Feature	Gain	Cover	Frequency
Visa_status_avg6	0.112080269027645	0.00534712570743617	0.00275735294117647
mcaja_ahorro	0.0685777242219475	0.00493161375711715	0.00444240196078431
ctrx_quarter_avg6	0.0591359152760867	0.00177486732193802	0.00260416666666667
varnueva_02	0.0368637829180574	0.00654043792615871	0.00635723039215686
varnueva_05	0.0266577685793866	0.00377631911655501	0.00222120098039216
cpayroll_trx	0.0207307101138688	0.00364894141880958	0.00076593137254902
varnueva_01	0.0142105742037342	0.00458432188584511	0.00145526960784314
ctrx_quarter_normalizado	0.0129940156049788	0.00598785357579559	0.00183823529411765
ctrx_quarter_normalizado_lag1	0.0123738436547404	0.00226531508979284	0.00222120098039216
mtarjeta_visa_consumo	0.010105797752868	0.00269229289934191	0.00130208333333333
mprestamos_personales	0.00887989325003721	0.00424555013445434	0.00160845588235294
mprestamos_personales_tend6	0.0088490105723827	0.00287439275023459	0.00137867647058824
foto_mes	0.00829186526199058	0.00425690703699592	0.00528492647058824
mdescubierto_preacordado_delta1	0.00782630976585907	0.00358813576912365	0.000995710784313725
Visa_mfinanciacion_limite_lag1	0.00756125118796251	0.000915239603304293	0.00214460784313726
mpasivos_margen	0.00656291428527077	0.00407879118986009	0.00321691176470588
mpayroll	0.00651520784049422	0.00628814309516618	0.00160845588235294
ctarjeta_visa_trx	0.00645339660666054	0.00148948825665716	0.00153186274509804
mv_status01_avg6	0.00569250568353046	0.00157259436004308	0.00122549019607843
mpayroll_sobre_edad_lag1	0.00523899644025439	0.00214179533829023	0.00114889705882353
mactivos_margen	0.00521055066744467	0.00205166519296068	0.00337009803921569
mdescubierto_preacordado_avg6	0.00515954918947046	0.00124853176159561	0.00114889705882353
mdescubierto_preacordado_tend6	0.00511282677893023	0.00423946224056051	0.00137867647058824
mcomisiones_tend6	0.00502312330442108	0.00108909050454934	0.00337009803921569
Visa_msaldototal	0.00436722292200892	0.00229962960633034	0.00199142156862745
mprestamos_personales_lag1	0.00415876341160406	0.000405438586883307	0.000689338235294118
varnueva_06_tend6	0.00411946326924439	0.00338518219437204	0.00168504901960784
ctrx_quarter_tend6	0.00396155874401601	0.00212696941113821	0.0038296568627451
mcuentas_saldo	0.00386337595584575	0.00460914642139547	0.00520833333333333
cliente_edad_lag1	0.00359692584609905	0.00408416915519631	0.00712316176470588
mv_mpagominimo_avg6	0.00356675995432206	0.00176330667527496	0.00130208333333333
cprestamos_personales	0.0035647805352714	0.00135948191772803	0.00076593137254902
mcomisiones_mantenimiento_tend6	0.00342460597428283	0.00621099296501988	0.00543811274509804
varnueva_06	0.00341271792237765	0.00344143413851298	0.00130208333333333
varnueva_03	0.00336241749774489	0.00286950728867404	0.00390625
mcuenta_corriente_tend6	0.00334261800895093	0.00381312351329179	0.00482536764705882
mv_msaldototal	0.00306162564955727	0.000657189123028512	0.00076593137254902
mcuenta_corriente_avg6	0.00303936498511849	0.00397322974815423	0.00620404411764706
varnueva_03_lag1	0.00301164374529563	0.00178900628449818	0.00321691176470588
mcuentas_saldo_lag1	0.00278075433893183	0.00224473497914261	0.00306372549019608
mcomisiones_otras_avg6	0.0027239755801297	0.00266858773497219	0.00467218137254902
tcallcenter_tend6	0.00271331469643517	0.00321013716690898	0.00176164215686275
mvr_msaldototal	0.00270818243164406	0.000556512654288186	0.00122549019607843
mcaja_ahorro_dolares_delta1	0.00265504929603645	0.00472981717536238	0.00298713235294118
cproductos_tend6	0.00256292371558015	0.00333648295198156	0.00206801470588235
ctrx_quarter	0.00251760850483347	0.00489760412386936	0.00206801470588235
chomebanking_trx_avg6	0.00251689038636279	0.00250971959987916	0.0040594362745098
mactivos_margen_avg6	0.0024848781759018	0.00293196585529759	0.00352328431372549
ctarjeta_visa_debitos_automaticos_tend6	0.0024838562297808	0.00274094279363582	0.00344669117647059
mpayroll_sobre_edad	0.00248078907507834	0.00375898816275823	0.00107230392156863
mrentabilidad_annual_delta1	0.00247594833556759	0.00222157948416539	0.00497855392156863
varnueva_04	0.00246799520770096	0.0025783623136146	0.00191482843137255
mes	0.00245999741801598	0.00265978276419686	0.00275735294117647
mrentabilidad_avg6	0.00245724676083653	0.0035945353866374	0.00344669117647059
Visa_fechaalta_lag1	0.00244795576854902	0.00140023269640545	0.00352328431372549
varnueva_07_avg6	0.00243808623198915	0.00216846334283429	0.00421262254901961
cliente_edad	0.00243487981781931	0.00247586729422638	0.00505514705882353
Master_fechaalta_lag1	0.002390535236853	0.00236283328035261	0.00513174019607843
tmobile_app_delta1	0.00238345983044814	0.000258644123219682	0.00114889705882353
mcuenta_corriente_lag1	0.00228668471110706	0.00257401674954625	0.00390625
ctrx_quarter_lag1	0.00219542578270259	0.00124268327925941	0.00214460784313726
cproductos	0.00217687175577571	0.00364687759346387	0.00359987745098039
mrentabilidad_annual_lag1	0.00215407263293577	0.00246692991420183	0.00436580882352941
mv_fultimo_cierre_avg6	0.00214855430917465	0.0033732013559956	0.00451899509803922
mcuenta_corriente	0.00214163791978295	0.00368973128508824	0.0037530637254902
cliente_edad_avg6	0.00213978868324132	0.00266283843742414	0.00482536764705882
Master_Fvencimiento_avg6	0.00213887989228471	0.00167218223908875	0.00474877450980392
cliente_antiguedad_lag1	0.00210635012696045	0.00188879009014508	0.00367647058823529
mtarjeta_visa_debitos_automaticos_tend6	0.00208907423987954	0.00280427643393223	0.00237438725490196
numero_de_cliente	0.00207938767661304	0.00182457209287052	0.00474877450980392
mautoservicio	0.00201317463872436	0.00336933461504249	0.00107230392156863
Visa_mpagominimo_avg6	0.00201085792478963	0.00182601784552155	0.00283394607843137
cpayroll_trx_lag1	0.00194967163344953	0.00104060477818066	0.000306372549019608
varnueva_06_lag1	0.00193064551983063	0.00112442667326437	0.000919117647058824
ccomisiones_mantenimiento_avg6	0.00191489856882232	0.00434143641766215	0.00321691176470588
mactivos_margen_lag1	0.00191362045831746	0.00155276131117164	0.00344669117647059
Visa_Fvencimiento_lag1	0.00191319020360952	0.00195831032052846	0.00421262254901961
ctrx_quarter_normalizado_delta1	0.00190968090049389	0.00186087519112133	0.00352328431372549
ccomisiones_mantenimiento_tend6	0.00190365198267923	0.00429938304467326	0.00183823529411765
varnueva_02_tend6	0.00189941321093707	0.00175097355989229	0.0039828431372549
Master_Fvencimiento	0.00189926072158281	0.00264176338002316	0.0039828431372549
mrentabilidad_annual_tend6	0.00189923048208262	0.00264725909675813	0.0039828431372549
varnueva_07_tend6	0.0018924608835366	0.00306399497759112	0.0039828431372549
mv_Finiciomora_avg6	0.0018740963752933	0.0030533245510464	0.00076593137254902
varnueva_02_delta1	0.00187003986801388	0.00309352321735624	0.00413602941176471
varnueva_08_tend6	0.00186706445199616	0.00156126530741739	0.00367647058823529
Master_fultimo_cierre_avg6	0.00185836509750558	0.0012764823280555	0.0040594362745098
ccallcenter_trx_avg6	0.00184731541387445	0.0018418747081564	0.00283394607843137
chomebanking_trx_tend6	0.0018266343500118	0.00235170943763346	0.00359987745098039
ctransferencias_recibidas_tend6	0.00181207396227964	0.00335496454703998	0.0040594362745098
mv_Fvencimiento_lag1	0.0018051222090362	0.00139755372993516	0.00390625
mv_msaldopesos_avg6	0.00179826907148563	0.00106337184012051	0.000995710784313725
Master_fultimo_cierre_tend6	0.0017698310810368	0.00474654618009999	0.00283394607843137
mactivos_margen_tend6	0.00176770214558324	0.00169073712339949	0.00337009803921569
mtransferencias_emitidas_avg6	0.00175004358959188	0.00280430868120326	0.00329350490196078
varnueva_07_delta1	0.00173588488465593	0.000846036959681027	0.00359987745098039
mpasivos_margen_avg6	0.00173463444577613	0.000760541138074021	0.00206801470588235
varnueva_03_avg6	0.00173085195494267	0.00234409810448113	0.00344669117647059
mcuentas_saldo_delta1	0.00171603449937368	0.00286855990293888	0.00337009803921569
mrentabilidad_lag1	0.00168312657649347	0.000972064180803468	0.00306372549019608
mcomisiones_mantenimiento_avg6	0.00168170484799383	0.00354641561793537	0.00306372549019608
ccomisiones_otras_avg6	0.00167029150701606	0.00207054157279166	0.00352328431372549
chomebanking_trx	0.0016650623422484	0.00252407598722124	0.00337009803921569
Visa_fechaalta_avg6	0.00165966763745258	0.00103317373658907	0.00260416666666667
Master_Fvencimiento_lag1	0.00164886036862187	0.00218346320981185	0.0040594362745098
Master_Fvencimiento_tend6	0.00164548397315032	0.000946927921633182	0.00268075980392157
mv_Fvencimiento_avg6	0.0016444719510804	0.000915560121634498	0.0039828431372549
mcomisiones_mantenimiento	0.00164426806052847	0.00320181737098409	0.00229779411764706
mcuentas_saldo_avg6	0.00164336374208631	0.00319534250983795	0.00291053921568627
mrentabilidad_tend6	0.00163738679941526	0.00104529138156987	0.0037530637254902
mrentabilidad_annual_avg6	0.00163058638130157	0.00209457165284673	0.00329350490196078
Visa_fechaalta_tend6	0.00161736011963694	0.00414816875049892	0.00260416666666667
ctransferencias_recibidas_avg6	0.00161616803495431	0.00276779499850074	0.00413602941176471
Visa_fultimo_cierre_avg6	0.00160504164668715	0.00132696152208765	0.00352328431372549
mv_Finiciomora_lag1	0.00160164672705201	0.00163250246068543	0.000612745098039216
Visa_Fvencimiento_avg6	0.00159942428843626	0.00419425010079605	0.00390625
chomebanking_trx_delta1	0.00158960175612881	0.00332022202126885	0.00291053921568627
varnueva_07_lag1	0.00158945812462445	0.00162241590518429	0.0039828431372549
Visa_mpagospesos_avg6	0.00158826229061192	0.00127327812194348	0.00321691176470588
mcaja_ahorro_dolares_avg6	0.00158764342531729	0.00106584803965935	0.00268075980392157
Master_fechaalta	0.0015755323560428	0.00169774748468269	0.00321691176470588
mcomisiones_otras_tend6	0.001569188524492	0.00202019674238879	0.00314031862745098
mcomisiones_otras	0.00155789159891959	0.00269750865113297	0.00291053921568627
ccaja_ahorro_tend6	0.00155512175560727	0.00237606394477885	0.000612745098039216
mv_fechaalta	0.00155115440984962	0.00165547033517667	0.00337009803921569
varnueva_04_tend6	0.00154214796725665	0.00109495755349613	0.00237438725490196
mtransferencias_recibidas_avg6	0.00153794331986252	0.00166598489991144	0.00344669117647059
ccaja_ahorro	0.00151799724117785	0.00209277313459447	0.00107230392156863
cliente_antiguedad	0.001507667264026	0.00244382523310623	0.0037530637254902
mdescubierto_preacordado	0.00149468043682237	0.000933753445633735	0.000459558823529412
mv_fechaalta_lag1	0.00149145387860618	0.00177143445335873	0.00352328431372549
mv_fultimo_cierre	0.00147933554793387	0.00282692965323346	0.00329350490196078
Visa_Fvencimiento	0.00147287418770409	0.00112042263711189	0.00337009803921569
ctrx_quarter_normalizado_tend6	0.00146723244171087	0.00135340819308965	0.00314031862745098
mrentabilidad_annual	0.00146613784340487	0.00115263326351241	0.00222120098039216
cliente_antiguedad_avg6	0.00146556409081073	0.00157089600376901	0.00352328431372549
mv_fechaalta_avg6	0.00143069892400672	0.000653884266343292	0.00298713235294118
mcaja_ahorro_lag1	0.00141501993904877	0.0019985812989006	0.00283394607843137
mpasivos_margen_lag1	0.00141402067276399	0.00183807783629051	0.00329350490196078
mpasivos_margen_tend6	0.00139982669854334	0.00471703064380528	0.00352328431372549
mcuenta_debitos_automaticos	0.00139899185816876	0.00616253411137705	0.00260416666666667
ccomisiones_mantenimiento_delta1	0.00139847531863468	0.00162487402670755	0.00107230392156863
mcuentas_saldo_tend6	0.00139006977528717	0.00137858842581134	0.00268075980392157
mv_mfinanciacion_limite	0.00138298276499971	0.000419336183505777	0.000995710784313725
mcuenta_corriente_delta1	0.00137288758050252	0.00201895375666922	0.00298713235294118
Visa_cconsumos_avg6	0.00137194258303428	0.00117614787582606	0.00275735294117647
Visa_status_tend6	0.00136838591238526	0.00214076049404729	0.000919117647058824
ctarjeta_visa_trx_tend6	0.00136415883402665	0.00120293363176886	0.00237438725490196
mtransferencias_recibidas	0.00135931154110436	0.00373815105112982	0.00199142156862745
mcomisiones_otras_lag1	0.00134414527669185	0.000563288001368899	0.00314031862745098
thomebanking_avg6	0.00133562842033747	0.00148841774497807	0.00237438725490196
mcaja_ahorro_avg6	0.0013334411116889	0.00119439005932685	0.00298713235294118
mvr_mpagominimo	0.00133154132484189	0.00340772743417483	0.00214460784313726
Visa_mpagospesos_tend6	0.00132326354789994	0.00122025041631019	0.00314031862745098
Master_fechaalta_avg6	0.0013114427413936	0.00050802839370455	0.00245098039215686
ccomisiones_otras_tend6	0.00129537891269433	0.00229734737901268	0.00291053921568627
Visa_delinquency_avg6	0.00129479524069303	0.00156017964929282	0.000689338235294118
mrentabilidad	0.00129225092119879	0.00103637501113099	0.00283394607843137
mtransferencias_recibidas_lag1	0.00128372107876319	0.00197928570454627	0.00229779411764706
ctrx_quarter_delta1	0.00128001370371281	0.00089636420066334	0.00275735294117647
mpayroll_avg6	0.00126726256755074	0.00125303465325897	0.000919117647058824
mv_Fvencimiento	0.00126208574310745	0.000919585167372647	0.00252757352941177
mactivos_margen_delta1	0.00125394697844984	0.00255561626126042	0.00283394607843137
cprestamos_personales_avg6	0.00125297028751316	0.00293972181257453	0.00153186274509804
Visa_mpagominimo_tend6	0.0012477741207325	0.000605813357142816	0.00260416666666667
mprestamos_personales_delta1	0.00124264828797781	0.002919572154133	0.00122549019607843
mcomisiones_lag1	0.00122380663096166	0.000587869216601513	0.00260416666666667
Master_mfinanciacion_limite	0.00122005810489434	0.00179223736333605	0.00268075980392157
varnueva_02_lag1	0.0012177319009037	0.000998370625036009	0.00245098039215686
mv_status05_tend6	0.0012128014117824	0.00101705938438102	0.000689338235294118
varnueva_03_tend6	0.00121152467988769	0.000669222729666636	0.00222120098039216
mcaja_ahorro_delta1	0.00120615966449896	0.00227678339199797	0.00222120098039216
mautoservicio_avg6	0.00120607024798392	0.000969608013660268	0.00252757352941177
Visa_fechaalta	0.00120451194356778	0.000985271392668957	0.00260416666666667
Visa_mfinanciacion_limite_avg6	0.00119606441667563	0.00138808329274864	0.00275735294117647
Visa_mlimitecompra	0.00119320514502738	0.000996578947113966	0.00206801470588235
cmobile_app_trx_tend6	0.00116863730821505	0.00152581089870859	0.00252757352941177
ctransferencias_emitidas_avg6	0.00116008833452923	0.00106638549417646	0.00245098039215686
Visa_mlimitecompra_lag1	0.00115749275167724	0.00162514470834617	0.00229779411764706
Visa_fultimo_cierre_tend6	0.00115718381592907	0.00228186380296972	0.00168504901960784
varnueva_08_avg6	0.00114875307426459	0.00160634894669275	0.00275735294117647
Visa_mlimitecompra_avg6	0.00114267044152607	0.00176725256862058	0.00229779411764706
mvr_msaldopesos2_avg6	0.00112589090138285	0.00132688921002535	0.00268075980392157
Visa_mpagospesos_lag1	0.00111813900458119	0.00143078258834809	0.00245098039215686
mcaja_ahorro_dolares_tend6	0.00110333004400331	0.00241159652869013	0.00222120098039216
cproductos_delta1	0.00110237000868679	0.00290832860563503	0.00076593137254902
varnueva_08	0.00110202102590745	0.00175849694594182	0.00206801470588235
varnueva_08_lag1	0.00110192806692792	0.000947129222779591	0.00237438725490196
thomebanking	0.00109516971721591	0.00118176769569498	0.00114889705882353
Visa_mconsumosdolares_avg6	0.00109487401747614	0.00210753505579946	0.00283394607843137
ctarjeta_debito_trx_avg6	0.00109075718191256	0.00229577508025262	0.00260416666666667
ccaja_ahorro_delta1	0.00108313206911688	0.00330556368220716	0.000612745098039216
mvr_mpagospesos_tend6	0.00107591660976804	0.00214287757624969	0.00222120098039216
Visa_mfinanciacion_limite	0.00107360411377667	0.00170725700947045	0.00229779411764706
ccallcenter_trx_tend6	0.00107347388398413	0.00234060611590495	0.00183823529411765
mpagomiscuentas_avg6	0.00107343130095199	0.00105483119924859	0.00183823529411765
Master_status_avg6	0.00107214689139561	0.00104172170638622	0.000459558823529412
Visa_cconsumos_tend6	0.00107195616824877	0.00111936873766333	0.00245098039215686
varnueva_06_avg6	0.00106519266589952	0.00140818213730854	0.00130208333333333
varnueva_05_tend6	0.00106329086696984	0.000336928282397084	0.00153186274509804
ctransferencias_emitidas_tend6	0.00105938657800879	0.00235874080850232	0.00252757352941177
varnueva_06_delta1	0.00105888104202545	0.00254855410890557	0.00145526960784314
Visa_Fvencimiento_tend6	0.00104921337570244	0.000974582888108658	0.00222120098039216
mvr_Master_mlimitecompra_tend6	0.00104718122201662	0.00259304703680713	0.00137867647058824
mcaja_ahorro_dolares_lag1	0.00104432392107796	0.00115873386087664	0.00229779411764706
ccajas_extracciones_avg6	0.00103536284195702	0.00488784052967351	0.00199142156862745
mvr_Master_mlimitecompra_lag1	0.00102845904095836	0.00119805843070365	0.00237438725490196
mtransferencias_recibidas_tend6	0.00102689339577563	0.00109259177643081	0.00206801470588235
internet_avg6	0.00102574600541877	0.000551402927615503	0.00153186274509804
Visa_mconsumospesos_avg6	0.00102048607343305	0.00127019313301526	0.00229779411764706
Master_mlimitecompra_avg6	0.00100999870928297	0.00154218713784498	0.00237438725490196
ctarjeta_debito_avg6	0.00100686412595803	0.000912987180282581	0.00237438725490196
mpagomiscuentas	0.000995868515043483	0.000786082442512203	0.00160845588235294
ccaja_seguridad	0.000994711659116818	0.00264588956492953	0.00076593137254902
mcomisiones_otras_delta1	0.000991606050457888	0.00200658497385042	0.00206801470588235
mcomisiones_delta1	0.000986678782948603	0.00095668760706891	0.00237438725490196
ccomisiones_mantenimiento	0.000984968724183638	0.00267529174718063	0.00107230392156863
mvr_msaldototal_tend6	0.000980325653009015	0.0026853763483017	0.00206801470588235
mv_Finiciomora	0.000977832536501604	0.00153522661325337	0.000459558823529412
ccaja_ahorro_avg6	0.000973375478697427	0.00120625021473446	0.00130208333333333
varnueva_02_avg6	0.000967489057793718	0.0010904209487767	0.00191482843137255
varnueva_07	0.000967019158386715	0.00117280686310969	0.00222120098039216
mvr_msaldopesos2_tend6	0.000952813031456895	0.00110539101145831	0.00229779411764706
mcomisiones	0.00094451519996955	0.00108209968706677	0.00206801470588235
mvr_mpagominimo_avg6	0.000943782952169669	0.00170429319210609	0.00183823529411765
mpayroll_sobre_edad_delta1	0.000934001072502402	0.00196140166119188	0.00130208333333333
cproductos_avg6	0.000929234723057123	0.00271741156909164	0.00229779411764706
mvr_Visa_mlimitecompra_avg6	0.000924671593117735	0.00171220354540794	0.00222120098039216
Visa_mconsumospesos_tend6	0.000919037515920532	0.00113037531757876	0.00229779411764706
mtarjeta_visa_debitos_automaticos_avg6	0.000918490160618351	0.000821598414192956	0.00191482843137255
mv_fechaalta_tend6	0.000917881228662637	0.00140477565286009	0.00176164215686275
ctarjeta_visa_debitos_automaticos_avg6	0.000917656959546549	0.00210987444873394	0.00199142156862745
ccomisiones_otras	0.000906972395251632	0.00308734981933469	0.00160845588235294
Visa_mpagospesos_delta1	0.000902184053903135	0.00157820001065655	0.00229779411764706
Visa_mconsumospesos_delta1	0.000897218552179096	0.00109953226862678	0.00214460784313726
thomebanking_tend6	0.000891475334483927	0.00103240126786947	0.00145526960784314
Visa_mpagominimo	0.000888617020326972	0.000563364222191325	0.00153186274509804
cmobile_app_trx_avg6	0.000883383453970141	0.00188479142853777	0.00245098039215686
ccajas_consultas_avg6	0.000874843722523925	0.00288084855617513	0.00214460784313726
mcuenta_debitos_automaticos_tend6	0.00087037092775084	0.00330352917256238	0.00191482843137255
Visa_mconsumospesos_lag1	0.000868242715059666	0.000877846449573774	0.00191482843137255
mvr_Visa_mlimitecompra	0.000866494395905141	0.00161155346079845	0.00222120098039216
mcaja_ahorro_tend6	0.000863384213832106	0.00089719872094991	0.00229779411764706
Visa_cconsumos	0.000857301509323951	0.00110472114769198	0.00191482843137255
Visa_cconsumos_lag1	0.000855407358503742	0.0013981361351937	0.00160845588235294
Visa_mpagominimo_delta1	0.000854706748445303	0.00116958555617213	0.00130208333333333
ccallcenter_trx	0.000852143243240362	0.00378354445964505	0.00145526960784314
Master_mpagominimo_tend6	0.000832861172525196	0.00216343179136409	0.00137867647058824
ccajas_trx_avg6	0.000831885561088173	0.00137748615545625	0.00206801470588235
mrentabilidad_delta1	0.000831220917324191	0.000686410036528844	0.00168504901960784
Master_mlimitecompra_lag1	0.000831102350518634	0.000907324852647304	0.00168504901960784
mv_status07_delta1	0.000826752400021032	0.000874694523128424	0.000229779411764706
cmobile_app_trx_lag1	0.000822503445012781	0.000926312632141835	0.00199142156862745
catm_trx_avg6	0.000821133302412058	0.00260001928767912	0.00191482843137255
Master_mfinanciacion_limite_avg6	0.000819516531500394	0.000819417326043515	0.00183823529411765
cplazo_fijo	0.000814573578527464	0.00310938887470137	0.000612745098039216
mv_mpagominimo_delta1	0.000805777806816641	0.00125871554750484	0.00122549019607843
ctrx_quarter_normalizado_avg6	0.000798560184246728	0.000480224894344345	0.00183823529411765
cextraccion_autoservicio_avg6	0.000794182862078906	0.00245121767569159	0.00183823529411765
chomebanking_trx_lag1	0.000794075062828666	0.000709791262403253	0.00222120098039216
Master_fultimo_cierre_lag1	0.000792850326764113	0.000739373736215096	0.00214460784313726
tcallcenter	0.000792547271481653	0.000239118400613024	0.000229779411764706
varnueva_03_delta1	0.000790910064801211	0.00136679813949096	0.00145526960784314
Visa_mpagospesos	0.000785513063377244	0.00116113041942794	0.00176164215686275
Visa_mconsumosdolares_tend6	0.000785326994279792	0.00108369690417262	0.00183823529411765
mtarjeta_visa_consumo_lag1	0.000782566079953742	0.000543509186544183	0.00176164215686275
Visa_mpagado_avg6	0.000777905117876974	0.00211886948297032	0.00145526960784314
mv_cconsumos_tend6	0.000777348939554264	0.000994782383241767	0.00153186274509804
Visa_mpagominimo_lag1	0.000776994383229924	0.000336730401415784	0.00168504901960784
mtarjeta_visa_debitos_automaticos	0.000776164406725364	0.000743023052386283	0.00160845588235294
mvr_msaldototal_avg6	0.000767731746700909	0.00069014729980283	0.00137867647058824
mvr_msaldopesos2_lag1	0.000767480705824267	0.000397785723154656	0.00176164215686275
Visa_msaldototal_tend6	0.000763507551792708	0.00135403896925474	0.00176164215686275
Visa_delinquency_tend6	0.000762703135830657	0.00262489072835097	0.00107230392156863
mcomisiones_avg6	0.000760625823005171	0.000594055318093465	0.00206801470588235
Master_status	0.000757749785127089	0.000688270117753065	0.000306372549019608
Visa_msaldopesos_lag1	0.000757669544992456	0.00160791342793256	0.00122549019607843
Visa_mconsumospesos	0.000757135997744843	0.000466615568781053	0.00176164215686275
mpasivos_margen_delta1	0.000756907059381085	0.00111994821135178	0.00191482843137255
Visa_msaldopesos	0.000755970023275645	0.00117243308792279	0.00130208333333333
mforex_sell_avg6	0.000751811640273474	0.00357531943327061	0.00160845588235294
tmobile_app	0.000749744394616155	0.000437243190825898	0.00153186274509804
mtarjeta_visa_debitos_automaticos_lag1	0.00074200862656115	0.002522592124159	0.00183823529411765
cpagomiscuentas_avg6	0.000740695790320996	0.00062310326895829	0.00176164215686275
ctarjeta_visa_trx_lag1	0.00074041384122009	0.00109298753839341	0.00168504901960784
Visa_msaldototal_avg6	0.000734516307844667	0.000716466447505776	0.00145526960784314
Master_mlimitecompra	0.000721361631319509	0.000990659129905491	0.00137867647058824
Master_mconsumototal_avg6	0.000718935963910033	0.00072723801321872	0.00160845588235294
mcuenta_debitos_automaticos_avg6	0.000718213838160976	0.00164350757481581	0.00153186274509804
ccajas_consultas_tend6	0.000710500142222305	0.00220344918892316	0.00160845588235294
mv_mlimitecompra_avg6	0.000708719247677235	0.000966602177124569	0.00160845588235294
ccomisiones_otras_lag1	0.00070356872511451	0.00224785807848205	0.00176164215686275
ccajas_depositos_avg6	0.000702964977036928	0.00431411613877233	0.00160845588235294
varnueva_08_delta1	0.000701569957816049	0.000787950341256672	0.00160845588235294
mv_status04_tend6	0.000700461475886282	0.00191277375367367	0.000536151960784314
catm_trx_other_avg6	0.000697559728015993	0.00154401546039319	0.00176164215686275
varnueva_04_avg6	0.000696289723468633	0.00160317552206672	0.00176164215686275
mvr_msaldototal_lag1	0.000693019678767322	0.000997045066758806	0.00145526960784314
mv_fultimo_cierre_lag1	0.000686192368995584	0.000386342339295323	0.00160845588235294
Visa_msaldopesos_tend6	0.000685561981720177	0.000352714298754677	0.00130208333333333
mv_Fvencimiento_tend6	0.000678237401293388	0.00114287211229163	0.00114889705882353
mvr_msaldopesos2	0.000677752344984953	0.00100668846658083	0.00168504901960784
Master_msaldototal	0.000672990735712625	0.0020622193338917	0.00107230392156863
catm_trx_tend6	0.000668784856836083	0.00329916992783359	0.00160845588235294
varnueva_04_lag1	0.000665008934612431	0.000875062435175137	0.00122549019607843
mv_msaldopesos	0.000661988855932013	0.000192457576627442	0.00076593137254902
mcaja_ahorro_dolares	0.000661711305887229	0.00209913659607707	0.00130208333333333
Master_mpagominimo_avg6	0.000660434254828762	0.000315771629628501	0.00122549019607843
cplazo_fijo_tend6	0.000655830785291425	0.00232402857562215	0.00076593137254902
mtransferencias_emitidas	0.000655223682616919	0.00379992021018642	0.00153186274509804
ctarjeta_visa_tend6	0.000653278897900826	0.00069220428481832	0.000153186274509804
Master_mconsumospesos_avg6	0.000651649605721836	0.000922655987045415	0.00160845588235294
mvr_Visa_mlimitecompra_lag1	0.000651085000800258	0.000955792012405396	0.00145526960784314
mvr_mpagominimo_tend6	0.000649497553692742	0.000870511172605235	0.00130208333333333
Visa_mconsumosdolares_lag1	0.000639214196825778	0.00132364542771707	0.00137867647058824
tmobile_app_tend6	0.000635271522089404	0.00298351898117393	0.00153186274509804
cmobile_app_trx	0.000633996715309472	0.000678910103040062	0.00199142156862745
Visa_mconsumototal_tend6	0.000633809931893118	0.000668504494993769	0.00168504901960784
Visa_fultimo_cierre	0.000629074956752523	0.00100253687473365	0.00145526960784314
mv_status07	0.000627402845968142	0.000535613002497785	0.000229779411764706
mvr_msaldopesos_tend6	0.000624848311544732	0.00103265045132741	0.00130208333333333
ccuenta_debitos_automaticos_avg6	0.000622155925394107	0.00136681621750654	0.00168504901960784
mpayroll_sobre_edad_avg6	0.000616661624194543	0.000741800099062346	0.000995710784313725
Visa_mconsumototal_avg6	0.000614841794625394	0.000415023843898481	0.00137867647058824
Visa_msaldototal_lag1	0.000612283909826803	0.00030639158251986	0.00137867647058824
cprestamos_personales_tend6	0.000600762592707764	0.00163761658471325	0.00076593137254902
Visa_mconsumosdolares	0.000595160208134662	0.000453116177096261	0.00130208333333333
mautoservicio_tend6	0.000593992931679946	0.0012731466898843	0.00168504901960784
mautoservicio_lag1	0.000593217090162674	0.000837700062930598	0.00145526960784314
Master_msaldototal_tend6	0.000592091532971493	0.00132552749571699	0.00122549019607843
Visa_fultimo_cierre_lag1	0.000591085344717024	0.000582243044997387	0.00130208333333333
matm_avg6	0.000590742655712032	0.00214862003346752	0.00130208333333333
varnueva_04_delta1	0.000589733382207837	0.00122622935351555	0.00137867647058824
mv_status01	0.000589276577803023	0.000203678649754697	0.000153186274509804
mvr_mpagospesos_avg6	0.000588196748842453	0.000893349080822345	0.00122549019607843
ccajas_trx_tend6	0.000587663646566544	0.00135781825170006	0.00130208333333333
mvr_Master_mlimitecompra	0.000586697008444098	0.000886054357240097	0.00160845588235294
mv_msaldopesos_tend6	0.00057940279585848	0.000224328140897134	0.00122549019607843
mvr_mconsumospesos_delta1	0.000578177058396507	0.00109813537547731	0.00137867647058824
mvr_mconsumospesos_avg6	0.000576839498152205	0.000589005688607695	0.00153186274509804
Master_mpagospesos_tend6	0.000572401329059113	0.00406595970756156	0.00114889705882353
mv_mconsumospesos_avg6	0.000572216664957704	0.000440549513296165	0.00107230392156863
Visa_mpagado_tend6	0.000567296965766952	0.00217538038246951	0.00107230392156863
Master_fultimo_cierre	0.000565934032636613	0.000507994192053461	0.00137867647058824
mextraccion_autoservicio_avg6	0.000564367749548528	0.000352455831991448	0.00137867647058824
Master_fechaalta_tend6	0.000562340079775863	0.000324725621883577	0.00107230392156863
mcuenta_debitos_automaticos_lag1	0.000557889201336798	0.00180827842629176	0.00145526960784314
Master_fultimo_cierre_delta1	0.000556239043193426	0.000237912059519617	0.00107230392156863
mvr_Master_mlimitecompra_avg6	0.000553393777599488	0.00181509383816375	0.00145526960784314
mtarjeta_visa_consumo_avg6	0.000551654970031761	0.000668005150887871	0.00107230392156863
mv_mpagominimo_tend6	0.000548735624670458	0.000577083970228133	0.00130208333333333
mv_mlimitecompra	0.000547060086253	0.00121338370196157	0.00137867647058824
Master_mpagospesos_avg6	0.000546781857774129	0.00173313104711423	0.00130208333333333
Master_msaldototal_avg6	0.000542730607408992	0.000419187650621048	0.00107230392156863
mv_mconsumospesos_lag1	0.000542161151704799	0.00035633429922493	0.00114889705882353
mpayroll_tend6	0.000541185768664069	0.00184207649789782	0.00130208333333333
ctarjeta_master_trx_tend6	0.000540073124940131	0.000743989493327052	0.00107230392156863
ctarjeta_visa_trx_avg6	0.000539321571954226	0.000429117367122189	0.000995710784313725
Visa_mconsumototal	0.00053660130372466	0.000350724251256318	0.00114889705882353
mv_status05	0.000535766722565097	0.000109933878500062	0.000229779411764706
Master_mpagominimo	0.00052863472580726	0.00141428517764785	0.00114889705882353
cliente_vip_delta1	0.000527715544719151	0.000470791590379009	0.000459558823529412
ccuenta_debitos_automaticos_tend6	0.000523960351675409	0.00133826174760742	0.000995710784313725
cliente_edad_tend6	0.00052216750410961	0.000359179876595528	0.00137867647058824
mv_status07_avg6	0.00051943499113688	5.90652742405134e-05	0.00038296568627451
mpagomiscuentas_tend6	0.000515201429869837	0.00184699029796926	0.00130208333333333
ccaja_ahorro_lag1	0.000515009128635487	0.000405540214646543	0.00076593137254902
Master_mpagospesos_lag1	0.000513289823831352	0.00125752972740209	0.00137867647058824
ccaja_seguridad_avg6	0.000510750204403504	0.000328800015718297	0.000306372549019608
mv_mpagospesos_tend6	0.000510695699591537	0.000530912229853123	0.000842524509803922
ctarjeta_debito_trx_tend6	0.000509442468873146	0.000943902052701845	0.00137867647058824
Master_mfinanciacion_limite_lag1	0.000509023745855992	0.00238695326189054	0.00137867647058824
varnueva_05_delta1	0.000507803695926081	0.000708826775842545	0.00122549019607843
mv_mpagominimo_lag1	0.000507620364206738	0.000692280994235763	0.000919117647058824
mv_mconsumospesos_tend6	0.000506650003351385	0.000513505055233915	0.000995710784313725
mvr_mconsumosdolares_tend6	0.000506497358636978	0.00106667327664062	0.00114889705882353
mv_mconsumototal_tend6	0.000505150431822746	0.000863023453991842	0.00107230392156863
mvr_msaldopesos_lag1	0.000504910212961906	0.00103674096879764	0.000995710784313725
ctransferencias_recibidas	0.00050184172693282	0.000778999769166705	0.00122549019607843
Master_mfinanciacion_limite_delta1	0.000500102561361293	0.00359655572702673	0.000919117647058824
Visa_msaldopesos_delta1	0.00049574969617238	0.000414177597331539	0.00122549019607843
mtransferencias_emitidas_lag1	0.000495366899343126	0.000345476252194233	0.00122549019607843
mvr_mconsumosdolares_avg6	0.000494235899903147	0.000481361366350528	0.00130208333333333
mv_mpagospesos_avg6	0.000492699868558303	0.00156260503495004	0.00114889705882353
mpayroll_sobre_edad_tend6	0.000491324710104817	0.00232766518832294	0.00114889705882353
mv_mpagado_avg6	0.000489740529781972	0.00054936499780562	0.00107230392156863
mvr_msaldototal_delta1	0.000488879208102754	0.000599321395171126	0.00107230392156863
tcallcenter_avg6	0.000485513914126381	0.00201040725265712	0.00122549019607843
mtransferencias_emitidas_tend6	0.00047862234140609	0.000811413162498679	0.00137867647058824
Visa_Finiciomora	0.000476547552760696	0.0025629339488084	0.000536151960784314
tmobile_app_avg6	0.000476539320362002	0.00109065889454927	0.00137867647058824
ccajas_otras_delta1	0.000475558067409916	0.00265655657130914	0.00038296568627451
mvr_mpagospesos_lag1	0.000469760494352479	0.000497661384664486	0.00107230392156863
Visa_msaldodolares_avg6	0.000468260959553004	0.000609841823046074	0.000919117647058824
mvr_msaldopesos_avg6	0.000468130772822234	0.000468920760064445	0.00114889705882353
mtransferencias_recibidas_delta1	0.000464951484617169	0.00139283976522507	0.00130208333333333
ctarjeta_debito_trx	0.000463160318149401	0.000726067828156464	0.00107230392156863
internet	0.000462667110499736	0.000440602281557845	0.000919117647058824
mvr_mconsumospesos_tend6	0.000462216417489973	0.000377805607183532	0.00107230392156863
mv_mfinanciacion_limite_lag1	0.000461306410671402	0.000155533962706872	0.00107230392156863
varnueva_01_tend6	0.000460535966230279	0.00142471277246984	0.000919117647058824
mv_status01_delta1	0.000460492110764827	9.93484674880451e-05	0.000306372549019608
mvr_mpagosdolares_avg6	0.000455645538282974	0.0013532274129339	0.00107230392156863
cextraccion_autoservicio_tend6	0.00045372411225937	0.00205330296345282	0.00130208333333333
mv_status06_avg6	0.000453470308674162	0.000259544115238336	7.6593137254902e-05
mv_mfinanciacion_limite_avg6	0.000452953696526099	0.000270680172832884	0.00130208333333333
mcomisiones_mantenimiento_lag1	0.000448531888586606	0.0008410640396127	0.000919117647058824
Master_cconsumos_avg6	0.000447757029046736	0.00126461582091269	0.00107230392156863
mv_msaldototal_tend6	0.000446110022434454	0.0027104060937586	0.00107230392156863
Master_mconsumospesos_tend6	0.000445967634866646	0.000642243001502659	0.000842524509803922
Master_msaldopesos_tend6	0.000426816067935143	0.00080456599195068	0.000842524509803922
mpayroll_lag1	0.000423444151732825	0.00234282042851545	0.000919117647058824
mtransferencias_emitidas_delta1	0.000423345523796905	0.000757797677061675	0.00114889705882353
Visa_cconsumos_delta1	0.000420822851289486	0.000422612701680095	0.00076593137254902
Visa_msaldototal_delta1	0.000420362276868243	0.000317745064896331	0.000995710784313725
Visa_mconsumototal_lag1	0.000419774197367334	0.000350160901203383	0.000919117647058824
mv_msaldodolares_avg6	0.000419534274872847	0.00262240035955668	0.00107230392156863
mprestamos_prendarios	0.000415240122307069	0.00588372029732021	0.000995710784313725
Master_msaldopesos	0.000405394112253977	0.000609865275606821	0.000842524509803922
mvr_mpagospesos_delta1	0.000405098105171322	0.00121970612146286	0.00122549019607843
varnueva_05_avg6	0.000404533901315322	0.0005375859491706	0.000919117647058824
mv_mpagospesos	0.000403022927703405	0.000343872683353179	0.00076593137254902
tpaquete9	0.000401437239373988	0.000927381678035871	0.00038296568627451
internet_tend6	0.000401274688761994	0.00240324546268425	0.000995710784313725
ctransferencias_recibidas_lag1	0.000400784294481812	0.000333726519260147	0.000995710784313725
mv_msaldopesos_delta1	0.000400050486325747	0.00176246384887312	0.000919117647058824
mv_msaldototal_delta1	0.000398903507166642	0.00109314877474855	0.00076593137254902
matm_other_avg6	0.000397100341661147	0.000874391594218779	0.000919117647058824
mtarjeta_visa_debitos_automaticos_delta1	0.000397047961652391	0.00113979738385874	0.000919117647058824
Visa_mconsumototal_delta1	0.000396415915232016	0.000504385429268565	0.000995710784313725
ctarjeta_master_trx_avg6	0.000394481583551393	0.00167858674255265	0.000995710784313725
mpagomiscuentas_lag1	0.000393266314323165	0.00118749696084739	0.000919117647058824
mv_status02_tend6	0.00039265759472112	0.00048864582943745	0.000229779411764706
tpaquete7_tend6	0.000391873836591524	0.00148453243741437	0.000153186274509804
Master_cconsumos_tend6	0.000391659372051192	0.000259463008465753	0.000919117647058824
mv_mpagominimo	0.000391038000729965	0.00122938860888613	0.000919117647058824
mv_mlimitecompra_lag1	0.000390236146943691	0.000228398137376714	0.000995710784313725
cpagomiscuentas_tend6	0.000390171442400829	0.000495345932885767	0.00107230392156863
cseguro_vida_avg6	0.000388545088554911	0.00116170109840611	0.000689338235294118
ctarjeta_debito_tend6	0.000388079129722749	0.00355511798375744	0.000919117647058824
ctarjeta_debito	0.0003873801948519	0.000563912914393795	0.000919117647058824
mextraccion_autoservicio_delta1	0.000385530803794477	0.00128169856844157	0.00137867647058824
Master_msaldopesos_lag1	0.000384914823638959	0.00108479428857756	0.000919117647058824
mv_fultimo_cierre_tend6	0.000382655956447899	0.00111868177307146	0.00107230392156863
mv_mconsumosdolares_avg6	0.000382256746748695	0.000548102468285423	0.000995710784313725
mvr_mpagospesos	0.000377746371708834	0.000371493936772581	0.000842524509803922
ctarjeta_visa_trx_delta1	0.000377634846770467	0.000544122861883721	0.000689338235294118
varnueva_01_avg6	0.000376693894576294	0.00105245711606801	0.000995710784313725
Visa_mlimitecompra_delta1	0.000371674188206209	0.000675630653295651	0.000842524509803922
mv_cconsumos_avg6	0.000370435682504949	0.000519318358728998	0.000919117647058824
mv_cconsumos	0.000369340476267968	0.00056319223674585	0.000689338235294118
cmobile_app_trx_delta1	0.000365163629050963	0.000421473298103818	0.000919117647058824
matm_delta1	0.000365051663362636	0.00058296616562041	0.00107230392156863
mvr_mconsumototal	0.000364844861285704	0.000708257074054407	0.000919117647058824
Visa_msaldopesos_avg6	0.00036412253711473	0.000353918196873007	0.000842524509803922
Master_msaldopesos_avg6	0.000361454745149659	0.000668495700283489	0.00076593137254902
mv_mconsumototal_avg6	0.000360934711701133	0.000211858707505133	0.000689338235294118
mvr_msaldodolares2_avg6	0.00036021158202161	0.0011241828643516	0.000842524509803922
mv_mlimitecompra_tend6	0.000360103100115539	0.00108991183277049	0.000689338235294118
cpayroll_trx_tend6	0.000356266661529089	0.000513547074405253	0.000919117647058824
mv_mconsumosdolares_lag1	0.000355207700432685	0.000226137896834752	0.000612745098039216
mvr_mconsumototal_lag1	0.000351975616799361	0.000283539505047298	0.00076593137254902
mvr_mconsumospesos_lag1	0.000348301432247464	0.000121090457085264	0.00076593137254902
mtarjeta_visa_consumo_tend6	0.000348164082063308	0.000365359137757262	0.000842524509803922
tmobile_app_lag1	0.000348060169771774	0.000242482865890142	0.000842524509803922
mvr_mpagado_avg6	0.000347007169143113	0.000800870747848031	0.000842524509803922
mvr_mconsumospesos	0.000344531120297978	0.000274050989845204	0.000689338235294118
mv_status05_delta1	0.000344124326659793	0.000673107060040305	0.00038296568627451
cforex_sell_avg6	0.00034246621179754	0.000483570793010871	0.000689338235294118
mvr_mpagominimo_lag1	0.000341278017451005	0.000562962108493523	0.000919117647058824
mv_mconsumospesos	0.000340185033539497	0.00010636762348152	0.00076593137254902
mdescubierto_preacordado_lag1	0.000340040729300403	0.000226660693501397	0.000459558823529412
cpagomiscuentas	0.000339560929906252	0.00019100107488607	0.000536151960784314
Master_mconsumospesos	0.000338924335824404	0.000463735789759367	0.000842524509803922
mplazo_fijo_dolares_tend6	0.000336436898405569	0.00161230296555232	0.000612745098039216
ctarjeta_debito_lag1	0.000335191387144108	0.000815346840968919	0.000919117647058824
ctransferencias_emitidas	0.000334960790479731	0.000266378093720915	0.000689338235294118
tpaquete7	0.000328960166363947	0.000514433874358487	0.000306372549019608
mforex_buy_avg6	0.000328375371379029	0.00395420336965347	0.00076593137254902
mvr_mpagado_tend6	0.000327708234675853	0.0014628862124402	0.00076593137254902
mvr_msaldopesos_delta1	0.000327632940735225	0.000451035739520024	0.00076593137254902
mpayroll_delta1	0.000322363455367457	0.00161066666084522	0.000842524509803922
mvr_mpagominimo_delta1	0.000321384914885196	0.000350531256225174	0.000689338235294118
ctransferencias_emitidas_delta1	0.000320964050600033	0.000957681409330551	0.00076593137254902
Master_msaldototal_lag1	0.000318539605385132	0.000117304822904737	0.000612745098039216
matm_other_tend6	0.000315803382344723	0.0016597709485036	0.000689338235294118
mv_cconsumos_delta1	0.000311228833435085	0.0029738628778815	0.000612745098039216
cforex_buy_tend6	0.000302229804222686	0.00322169683638201	0.000459558823529412
mprestamos_hipotecarios_avg6	0.000300830874823515	0.00497775667038625	0.000536151960784314
mvr_mconsumototal_avg6	0.000300144485283927	0.000130408941221945	0.000536151960784314
mplazo_fijo_dolares_delta1	0.00029974827639959	0.00373054997847282	0.000536151960784314
Visa_mfinanciacion_limite_tend6	0.00029895787831273	0.000985435560594184	0.000689338235294118
mv_Finiciomora_tend6	0.000297982323024888	0.00125918801888488	0.000459558823529412
Master_mconsumototal_tend6	0.000297029603988849	0.000336326333337919	0.000612745098039216
ccajas_otras_tend6	0.000294811973938282	0.00408958816251384	0.000689338235294118
varnueva_05_lag1	0.000292632547283747	0.00010725051467463	0.000536151960784314
Visa_mpagado_delta1	0.000290963594151982	0.000649758081436923	0.000536151960784314
varnueva_01_lag1	0.000288641504038739	0.000738155668841315	0.000536151960784314
matm	0.000287605094859752	0.00040989310764013	0.000689338235294118
mv_msaldototal_avg6	0.000285811673981264	0.00198215766604771	0.00076593137254902
Visa_mlimitecompra_tend6	0.000285509477401314	0.0036628028594009	0.000612745098039216
mcomisiones_mantenimiento_delta1	0.000283275570843094	0.000978612331201947	0.000459558823529412
Master_mpagospesos_delta1	0.000279871684225993	0.00109253412221898	0.000689338235294118
ctransferencias_emitidas_lag1	0.000279657332828372	0.000292372814333532	0.000689338235294118
mforex_sell_tend6	0.000277948197358583	0.00236278832961118	0.000612745098039216
mextraccion_autoservicio_tend6	0.000276314683436673	0.000260115771406536	0.00076593137254902
Master_mfinanciacion_limite_tend6	0.000276247606696464	0.0016843800136521	0.00076593137254902
ctarjeta_visa_descuentos_avg6	0.000276201932504162	0.00440333505439788	0.000612745098039216
mvr_msaldopesos	0.000275631527752161	0.000200021516063262	0.000612745098039216
Master_mconsumototal_lag1	0.000272451202687036	0.000273691383913755	0.000536151960784314
mplazo_fijo_dolares_avg6	0.000270184547224637	0.00281070585574193	0.000689338235294118
mv_msaldototal_lag1	0.000270016765873166	0.000482429435054533	0.000689338235294118
mvr_msaldopesos2_delta1	0.000268937554131411	0.000271288962222267	0.000689338235294118
mcaja_ahorro_adicional_avg6	0.000267576803642162	0.00150025249344487	0.000612745098039216
mvr_msaldodolares2_tend6	0.000267396134998253	0.000451094370921891	0.000459558823529412
mv_status07_tend6	0.000266906949825243	0.000905131549622474	0.00038296568627451
mautoservicio_delta1	0.000264013986979795	0.00154256384460197	0.000842524509803922
ctarjeta_debito_trx_delta1	0.000261511106425359	0.000186785477091855	0.000536151960784314
Master_mlimitecompra_tend6	0.000261111435711828	0.00210962477668099	0.000612745098039216
mv_status03_tend6	0.000260224506628755	0.000261493120755388	0.000306372549019608
internet_lag1	0.000259329650801176	9.21714953045455e-05	0.00038296568627451
mv_mfinanciacion_limite_delta1	0.00025898987986489	0.00241231036600786	0.000612745098039216
cforex_tend6	0.000258069062851399	0.000531069557448132	0.00076593137254902
Visa_mpagosdolares_avg6	0.000257901483299239	0.00059347535581	0.000689338235294118
ccuenta_debitos_automaticos	0.000257747767950828	0.000865613984764319	0.000536151960784314
mtarjeta_master_consumo_avg6	0.000255660595666927	0.000888694236109145	0.000612745098039216
mtarjeta_master_consumo_tend6	0.000255538351723287	0.000582094023517643	0.000536151960784314
cliente_vip	0.000253825269768216	0.0016022296021166	0.000536151960784314
ccajas_otras	0.000253388770258149	0.000704388378721236	0.000153186274509804
catm_trx_lag1	0.000252957684711202	0.000448185276199271	0.000459558823529412
Master_mpagominimo_delta1	0.000252855123377403	0.000869221770359183	0.000612745098039216
internet_delta1	0.000252618910106246	0.000197594176025981	0.000536151960784314
Master_mlimitecompra_delta1	0.000252408763564572	0.00107365334503285	0.000459558823529412
Master_mpagominimo_lag1	0.000251806185754127	0.000125898232038333	0.000612745098039216
mextraccion_autoservicio_lag1	0.000251372514284099	0.000370455672364525	0.000919117647058824
cforex_avg6	0.000245807783119468	6.5174177720008e-05	0.00038296568627451
ctarjeta_debito_trx_lag1	0.000245235029389706	0.00110452131233062	0.000689338235294118
Visa_Finiciomora_tend6	0.000244948443970725	0.00146571517758027	0.000536151960784314
ccajas_otras_avg6	0.000244272183236751	0.00170560116096273	0.000612745098039216
Master_msaldopesos_delta1	0.000242370156332951	0.000507324816882149	0.000612745098039216
mttarjeta_master_debitos_automaticos_avg6	0.000240176906847747	0.000464697344749981	0.000459558823529412
cprestamos_personales_delta1	0.000239721262577887	0.000541516696070746	0.000153186274509804
ctarjeta_master_debitos_automaticos_avg6	0.000238201865744496	0.00066535354573845	0.000689338235294118
cplazo_fijo_avg6	0.000237455574738966	0.00116053531069899	0.00038296568627451
mplazo_fijo_dolares	0.00023728157644887	0.00178119120722436	0.000306372549019608
mv_mconsumosdolares_tend6	0.000235147591790776	0.00087875279332763	0.000536151960784314
cpayroll_trx_avg6	0.000229266791715591	0.00138631848755245	0.00038296568627451
mv_mconsumototal_delta1	0.000228699254371381	0.000721228294527383	0.000612745098039216
mextraccion_autoservicio	0.000228628967417856	0.000132031565268606	0.00038296568627451
ccheques_emitidos_avg6	0.000227858924886658	0.00463084541463132	0.000689338235294118
mtarjeta_visa_consumo_delta1	0.000223731349631272	0.000167545582569297	0.000612745098039216
ctarjeta_visa_debitos_automaticos	0.000222534378281206	0.00013795577983222	0.000612745098039216
mv_cconsumos_lag1	0.000221510017956513	0.000783327743814499	0.00038296568627451
mv_fultimo_cierre_delta1	0.000214965311655834	0.000104580342914617	0.000536151960784314
ccajas_consultas_delta1	0.000214736143629261	0.00135253116503673	0.000306372549019608
cextraccion_autoservicio	0.000213295799776394	0.000639285047278484	0.000459558823529412
tcuentas_avg6	0.000213056970713323	0.00260362023294376	0.000459558823529412
mtarjeta_visa_descuentos_avg6	0.000212502223561464	0.00226536150631932	0.000612745098039216
ccajas_depositos_tend6	0.000212366307081203	0.00173551001624497	0.000536151960784314
mvr_mconsumototal_tend6	0.000212218400851049	0.000120180204571284	0.000536151960784314
Master_delinquency	0.000211468636195445	0.000525075962392308	0.000229779411764706
Visa_msaldodolares_lag1	0.000208644191393239	0.000395223530893081	0.000612745098039216
ctarjeta_master_trx	0.000205715204415456	0.000273535522103792	0.000153186274509804
thomebanking_delta1	0.000204988206775069	0.000204174573695487	0.000229779411764706
Master_cconsumos	0.000203599407025861	7.86203125481045e-05	0.00038296568627451
ccallcenter_trx_lag1	0.000202561654488277	0.00149454863523327	0.000612745098039216
mv_status02_avg6	0.000199290434453737	0.0012022593706474	0.000306372549019608
mv_status06_tend6	0.000198449865174016	0.000426936767567764	0.000229779411764706
Visa_fultimo_cierre_delta1	0.000197166029774677	4.84886579387763e-05	0.000459558823529412
ccajas_extracciones_tend6	0.00019622600974134	0.00081474977785991	0.000459558823529412
mvr_msaldodolares_avg6	0.000193357181755817	0.000691815851780954	0.000536151960784314
Master_status_tend6	0.000193049602453644	0.00051685437406555	0.000306372549019608
mtarjeta_master_consumo_lag1	0.000192723195022397	0.000865305192714487	0.000612745098039216
mv_mpagospesos_lag1	0.000192396378504261	0.000141011453059506	0.000536151960784314
Master_mpagado_avg6	0.00019001481775394	0.000170254353335539	0.000459558823529412
mv_mpagospesos_delta1	0.000186570206515936	0.000209714752576874	0.000536151960784314
ctarjeta_visa_debitos_automaticos_lag1	0.000186466839673588	0.000145795286856814	0.000306372549019608
mcaja_ahorro_adicional	0.000185954090420295	0.0014647076946582	0.000306372549019608
ctarjeta_master_descuentos_avg6	0.00018574001596901	0.00276522792028901	0.000536151960784314
mv_mpagosdolares_avg6	0.000184523346388654	0.000902490693563395	0.000536151960784314
Master_mconsumosdolares_avg6	0.000184198219412035	0.00019693897011012	0.000459558823529412
cpagomiscuentas_lag1	0.000183147982336288	0.00024152326527959	0.000459558823529412
Visa_Finiciomora_lag1	0.000183123266564538	0.00022771801311506	0.000153186274509804
Visa_fechaalta_delta1	0.0001820150354063	0.000115710048773963	0.000536151960784314
Visa_msaldodolares_tend6	0.000177584724032218	0.000734679803900651	0.000612745098039216
mvr_Visa_mlimitecompra_tend6	0.000176910061650113	0.000599503641111928	0.000459558823529412
mvr_mconsumosdolares	0.000176688021614286	9.31794668216371e-05	0.000306372549019608
cseguro_accidentes_personales_avg6	0.000176440313381506	0.000384202293127188	0.000459558823529412
mv_mpagado_tend6	0.000175700827825562	0.0017953360329247	0.000459558823529412
Visa_Fvencimiento_delta1	0.000175624694602442	0.000164310106376286	0.000459558823529412
mvr_mconsumosdolares_lag1	0.000175358566060954	0.000318812156410305	0.000306372549019608
thomebanking_lag1	0.000174869701740405	7.45434757383066e-05	0.000306372549019608
Master_cconsumos_lag1	0.000173466180773634	0.000234280821364006	0.000536151960784314
Master_msaldototal_delta1	0.000172803837437369	0.000991573291179596	0.00038296568627451
Master_mconsumospesos_delta1	0.000172309662164228	0.000370015936850525	0.00038296568627451
ccajas_consultas	0.000167216163105297	0.00227063979827237	0.00038296568627451
mvr_mpagosdolares_tend6	0.000167034270155941	0.00137682215483011	0.000536151960784314
matm_tend6	0.00016677681602963	0.000421694631645865	0.000536151960784314
mprestamos_personales_avg6	0.000165160192878968	0.000429518992224976	0.000459558823529412
mtarjeta_master_consumo	0.000163468393574306	0.00102332072950537	0.00038296568627451
ccuenta_debitos_automaticos_lag1	0.00016341883368982	0.00128212560048517	0.000459558823529412
mcuenta_debitos_automaticos_delta1	0.000161309635728757	0.000355708897605019	0.00038296568627451
Master_mconsumototal	0.000161223706373365	0.000524003496333163	0.00038296568627451
Visa_Finiciomora_avg6	0.000160840041131592	0.000527299558308103	0.000229779411764706
Master_mpagosdolares_avg6	0.00015910617975787	0.000197413395870225	0.000229779411764706
mv_mfinanciacion_limite_tend6	0.000158972208234573	0.000151606147376819	0.000229779411764706
mv_msaldopesos_lag1	0.000158078658192079	0.000376505944442153	0.00038296568627451
Visa_mpagosdolares_tend6	0.000156883362873952	0.000391031874254628	0.00038296568627451
matm_lag1	0.000155970356929212	0.000866435312985468	0.000459558823529412
catm_trx	0.000155930129629625	0.00102756466581049	0.000536151960784314
mforex_buy_tend6	0.000154687100753001	0.0022278520669751	0.00038296568627451
mvr_mpagado	0.000154461577568178	0.00119363371424277	0.000536151960784314
cproductos_lag1	0.000153285546696257	0.000600549234445218	0.00038296568627451
cforex_sell_tend6	0.000153067277099031	0.00120478100952268	0.00038296568627451
Visa_delinquency_lag1	0.000150152231160719	3.15881563507001e-05	0.000153186274509804
ccallcenter_trx_delta1	0.000149820381058499	0.00089931726893736	0.000459558823529412
mv_mconsumosdolares	0.000149313395328641	0.000190906287453052	0.00038296568627451
ccomisiones_otras_delta1	0.000147836073229539	0.000818623847738252	0.00038296568627451
Visa_mconsumosdolares_delta1	0.000147585642816924	9.40638237997932e-05	0.00038296568627451
minversion1_pesos_avg6	0.000145253513187929	0.00194989769155062	0.000229779411764706
cprestamos_personales_lag1	0.000144042587288816	0.000886856630255639	0.00038296568627451
Master_mconsumospesos_lag1	0.000143064823185079	0.00030167957218984	0.00038296568627451
mv_mconsumospesos_delta1	0.000136854056749365	0.000236228849691027	0.00038296568627451
ccomisiones_mantenimiento_lag1	0.000135596696744224	0.000120935572465333	0.00038296568627451
tpaquete9_avg6	0.000135153454266365	0.000356218990801259	0.000229779411764706
ccuenta_debitos_automaticos_delta1	0.000134725335760343	0.000914235540547326	0.000306372549019608
Visa_mpagosdolares	0.000133505469898423	0.000149139719738293	0.000306372549019608
Master_mpagado_tend6	0.000133221329712941	0.000578308389337116	0.000306372549019608
Visa_mpagado	0.00013315736988553	0.000301142117672728	0.000306372549019608
mv_Fvencimiento_delta1	0.000130808032854568	0.000195682792325126	0.000229779411764706
ctarjeta_visa_avg6	0.000129086203448168	0.00323520599996712	0.00038296568627451
tpaquete7_avg6	0.000127908783833913	0.00122690263744699	0.000306372549019608
mv_status04_avg6	0.000126143984683725	0.000261896700238237	0.000229779411764706
mv_mpagado	0.000125841746730694	0.000343461774945096	0.000306372549019608
mplazo_fijo_dolares_lag1	0.000125710594065144	0.000760653026332584	0.000306372549019608
Master_mpagospesos	0.000124796492155942	0.000425754856225134	0.000459558823529412
ctarjeta_master_tend6	0.000123907492730141	5.85713046797865e-05	7.6593137254902e-05
mcheques_emitidos_avg6	0.000123231269147504	0.00137015332146278	0.000306372549019608
matm_other_delta1	0.000121813486288802	0.000669692758071601	0.000306372549019608
mcheques_depositados_avg6	0.000121811299425969	0.00113978174881824	0.000306372549019608
active_quarter_tend6	0.000121161515774891	0.00135976530283705	0.000306372549019608
minversion1_pesos	0.000120304549245669	0.00147185925990089	0.000153186274509804
active_quarter_avg6	0.000120236513325469	0.000899372480174118	0.000306372549019608
Master_cconsumos_delta1	0.000119339163292173	0.000170550441914965	0.000306372549019608
cpagomiscuentas_delta1	0.000116878044218701	0.00088387717785078	0.000306372549019608
mv_status04_delta1	0.000115725496580684	0.00142569826861622	0.000229779411764706
mvr_msaldodolares2	0.000115511011775987	0.00133580069451407	0.000306372549019608
mprestamos_hipotecarios	0.000115253352050796	0.0012459905789197	0.000153186274509804
cseguro_vivienda_avg6	0.00011452956800112	0.00019965018385144	0.000306372549019608
mv_mconsumototal_lag1	0.000114336739048905	7.44848443364399e-05	0.00038296568627451
cextraccion_autoservicio_lag1	0.000108226705299044	0.000815748954666721	0.000306372549019608
mvr_msaldodolares2_delta1	0.000107973170849947	0.00146128508657423	0.000306372549019608
mv_Finiciomora_delta1	0.00010676867550965	0.000955182734420998	0.000153186274509804
mvr_mpagosdolares_lag1	0.000105849011031976	0.000202390224698677	0.000306372549019608
Visa_msaldodolares_delta1	0.000105060605607774	0.000159264385650641	0.000229779411764706
minversion2	0.000102715836080477	0.00160367486617262	0.000229779411764706
mv_mconsumototal	0.000102529788936088	0.000644712849306294	0.000229779411764706
mvr_mpagosdolares	0.00010246431561384	0.000284515717888379	0.000306372549019608
mvr_madelantopesos_avg6	9.91831829269245e-05	0.000428382520218793	0.000153186274509804
ccheques_depositados_tend6	9.83870061183554e-05	0.000401417938500298	0.000229779411764706
Master_mconsumototal_delta1	9.8035478472386e-05	0.000689861960313746	0.000229779411764706
Master_Finiciomora_lag1	9.66811416549809e-05	0.000443820168330296	0.000153186274509804
mv_mpagosdolares_tend6	9.6449531772303e-05	0.000132279771536508	0.000229779411764706
catm_trx_other_delta1	9.53552880927078e-05	0.000370150300479803	0.000229779411764706
mvr_mconsumototal_delta1	9.45322339800134e-05	0.000741573879570144	0.000306372549019608
Master_Fvencimiento_delta1	9.44913556876685e-05	2.5759217815119e-05	0.000229779411764706
mvr_Master_mlimitecompra_delta1	9.30033365363558e-05	0.00071400344003236	0.000306372549019608
mvr_mpagado_delta1	9.10641025678543e-05	0.000345850027381133	0.000229779411764706
mttarjeta_master_debitos_automaticos_delta1	9.06380037436447e-05	0.000263715739481151	0.000229779411764706
Visa_mpagosdolares_lag1	8.99513153046578e-05	0.000109025580366144	0.000229779411764706
mv_msaldodolares_tend6	8.96691673596599e-05	0.000268958363998066	0.000306372549019608
minversion2_avg6	8.85960716568735e-05	0.000738206482722933	0.000153186274509804
ccajas_extracciones_lag1	8.71962480925521e-05	2.18616953760301e-05	0.000153186274509804
mv_status05_avg6	8.56555669200564e-05	3.71283352320877e-05	0.000153186274509804
cseguro_vida_lag1	8.52776837773865e-05	0.000138702841611005	0.000229779411764706
Visa_mpagosdolares_delta1	8.34537540515137e-05	6.26310406640399e-05	0.000229779411764706
Master_mpagado	8.29970644781065e-05	0.000435866330072062	0.000229779411764706
cprestamos_hipotecarios_avg6	8.2014254547231e-05	0.00125133043384471	0.000229779411764706
catm_trx_delta1	8.16893395021058e-05	0.000152697180046555	0.000229779411764706
Master_mconsumosdolares_delta1	8.15717365204573e-05	3.42974157119572e-05	0.000153186274509804
tpaquete7_delta1	8.12571491250371e-05	0.000730002972411751	7.6593137254902e-05
mv_status03_avg6	8.08976660267094e-05	2.98116248741391e-05	0.000153186274509804
mcheques_depositados	8.02508257747949e-05	0.00129657335509515	0.000229779411764706
mttarjeta_master_debitos_automaticos	8.02276855575023e-05	0.000198430650692612	0.000153186274509804
ctarjeta_visa_descuentos_tend6	7.75821911498372e-05	0.00102006326653666	0.000306372549019608
ctarjeta_visa_debitos_automaticos_delta1	7.7433693875675e-05	0.000784799392001353	0.000229779411764706
ccheques_depositados_avg6	7.73391690516982e-05	0.000416098264337689	7.6593137254902e-05
cseguro_auto_avg6	7.68660163696004e-05	0.000389310554014825	0.000153186274509804
mtarjeta_master_consumo_delta1	7.46343000516074e-05	0.000187043455260068	0.000229779411764706
ctarjeta_master_debitos_automaticos	7.39126336281804e-05	2.76276051546045e-05	7.6593137254902e-05
mv_status02_lag1	6.97521279336698e-05	5.74856465552214e-05	0.000153186274509804
mcajeros_propios_descuentos_avg6	6.9237090495715e-05	0.00144197678874949	0.000153186274509804
Master_msaldodolares_tend6	6.90543295560148e-05	0.000177754286824321	0.000153186274509804
ccaja_seguridad_lag1	6.87864549016549e-05	6.98124102026795e-05	0.000153186274509804
Master_mconsumosdolares_tend6	6.72980068212615e-05	0.000137965551732531	0.000229779411764706
tcallcenter_delta1	6.65673143114717e-05	3.94423212257601e-05	0.000153186274509804
mvr_mpagado_lag1	6.65489919471993e-05	0.000162244815245532	0.000153186274509804
ccajas_trx_delta1	6.57124417667385e-05	2.746978896458e-05	0.000153186274509804
Master_mpagosdolares_delta1	6.56377397144678e-05	9.50644663916515e-05	0.000229779411764706
cseguro_vida_tend6	6.5322899858821e-05	0.00163647620394694	0.000229779411764706
ctarjeta_master_debitos_automaticos_delta1	6.35183833955911e-05	0.000246193256438273	0.000153186274509804
Visa_mpagado_lag1	6.31542952200864e-05	6.80920671529074e-05	0.000153186274509804
Master_Finiciomora_avg6	6.27999069211144e-05	0.00183169043365215	0.000229779411764706
Visa_mfinanciacion_limite_delta1	6.1284061417868e-05	7.69258650341568e-05	0.000153186274509804
Visa_delinquency	5.84748224893111e-05	9.25301240459635e-05	0.000153186274509804
mcaja_ahorro_adicional_tend6	5.71301078683691e-05	0.000190905798858037	0.000153186274509804
Master_mpagosdolares_tend6	5.55101862699638e-05	0.000562951847998196	0.000153186274509804
Visa_cadelantosefectivo	5.49728766050607e-05	3.2033755004887e-05	0.000153186274509804
matm_other	5.4798273761379e-05	0.000472460630952147	0.000153186274509804
mforex_sell	5.45595831714758e-05	6.53788990315259e-05	0.000153186274509804
ctarjeta_master_debitos_automaticos_lag1	5.40829585280007e-05	0.000209544721511461	0.000153186274509804
cseguro_accidentes_personales	5.25854522759984e-05	0.000389525535821669	0.000229779411764706
tcallcenter_lag1	5.1244886783998e-05	6.01699875706852e-05	0.000229779411764706
cextraccion_autoservicio_delta1	5.1116106737969e-05	5.88385661532955e-05	0.000153186274509804
cprestamos_prendarios_lag1	5.01349736833814e-05	0.00190702592191067	0.000229779411764706
mvr_Visa_mlimitecompra_delta1	4.92214712616735e-05	0.000679681105974609	0.000153186274509804
mttarjeta_master_debitos_automaticos_tend6	4.84591342556533e-05	0.000314859422734458	0.000153186274509804
mpagomiscuentas_delta1	4.73049899544647e-05	0.000791158944723828	0.000229779411764706
Visa_delinquency_delta1	4.67248557737306e-05	0.000132041825763932	7.6593137254902e-05
ctarjeta_debito_delta1	4.5841346302423e-05	0.00127715903215204	0.000153186274509804
ctarjeta_visa	4.58395900573683e-05	0.000208592449826142	7.6593137254902e-05
mcaja_ahorro_adicional_lag1	4.54471917181912e-05	0.000583806549047166	0.000153186274509804
mv_mconsumosdolares_delta1	4.46992432563905e-05	8.11649153891192e-05	0.000229779411764706
ctarjeta_master_debitos_automaticos_tend6	4.45906431415187e-05	9.26806113107546e-05	7.6593137254902e-05
mv_cadelantosefectivo_avg6	4.3463789030913e-05	0.000230870428155426	7.6593137254902e-05
Master_mpagado_delta1	4.31014102391165e-05	8.26795599373423e-05	0.000153186274509804
mttarjeta_master_debitos_automaticos_lag1	4.29024627148871e-05	0.000163152624784435	0.000153186274509804
mforex_sell_lag1	4.27875266082411e-05	3.90763635591088e-05	7.6593137254902e-05
mforex_sell_delta1	4.19701431406367e-05	4.45285953376963e-05	7.6593137254902e-05
varnueva_01_delta1	4.1926804416518e-05	2.27699935099484e-05	0.000153186274509804
mprestamos_prendarios_avg6	4.01745548193338e-05	0.000438846759666953	7.6593137254902e-05
cseguro_accidentes_personales_tend6	3.99738734252872e-05	0.000199572497243966	7.6593137254902e-05
cliente_vip_avg6	3.84963579703592e-05	0.00146960879125924	0.000153186274509804
cplazo_fijo_lag1	3.84894917276743e-05	7.87370867568223e-06	7.6593137254902e-05
Master_Finiciomora_tend6	3.80768450651047e-05	0.000204355353851242	7.6593137254902e-05
minversion1_pesos_delta1	3.78849009902051e-05	2.33123339772154e-05	7.6593137254902e-05
cinversion2_avg6	3.77743656283788e-05	0.00107431001673376	0.000153186274509804
mcheques_emitidos	3.76112746332911e-05	0.000473442218338399	7.6593137254902e-05
cpayroll_trx_delta1	3.58223769301677e-05	0.000257003909752461	0.000153186274509804
catm_trx_other	3.47750672109618e-05	8.89360191115348e-05	7.6593137254902e-05
mv_mpagado_delta1	3.46126550721357e-05	5.00546049636328e-05	7.6593137254902e-05
tpaquete7_lag1	3.43757274820758e-05	9.30284909618304e-05	7.6593137254902e-05
mcaja_ahorro_adicional_delta1	3.41503826658911e-05	0.000752495443952864	0.000153186274509804
catm_trx_other_tend6	3.40956671889518e-05	3.99309162413159e-05	7.6593137254902e-05
minversion1_pesos_tend6	3.35083315591449e-05	0.000614163445958665	7.6593137254902e-05
cseguro_vivienda_lag1	3.34352413683211e-05	2.92189591202699e-05	7.6593137254902e-05
cseguro_vida	3.26797925580489e-05	2.71228865035353e-05	7.6593137254902e-05
mpagodeservicios_avg6	3.19621942060996e-05	0.000646310066412146	7.6593137254902e-05
mv_status01_tend6	3.14802636761227e-05	0.000242605014644031	7.6593137254902e-05
cprestamos_prendarios_avg6	3.12516073247916e-05	0.000643092179639695	7.6593137254902e-05
mvr_msaldodolares2_lag1	3.07939520276913e-05	0.000151537255479626	0.000153186274509804
mv_madelantopesos_avg6	3.04770357077894e-05	0.000273783239776679	7.6593137254902e-05
Master_mconsumosdolares	3.03455233497426e-05	6.65124394676154e-06	7.6593137254902e-05
mv_msaldodolares_lag1	3.01202511475361e-05	0.000161853939233087	7.6593137254902e-05
Visa_status_delta1	2.95108104718005e-05	0.000449096505903283	7.6593137254902e-05
cseguro_accidentes_personales_lag1	2.93696657851077e-05	3.13101457868488e-05	7.6593137254902e-05
Master_cadelantosefectivo_avg6	2.88365305796038e-05	1.18303511116534e-05	7.6593137254902e-05
ctarjeta_master_trx_delta1	2.85462806877683e-05	4.3729253892247e-05	7.6593137254902e-05
matm_other_lag1	2.78539925289724e-05	0.000279107459661191	7.6593137254902e-05
ccajas_extracciones_delta1	2.76726838688366e-05	0.000497651612764175	7.6593137254902e-05
mv_status02	2.73692891582457e-05	6.01494665800318e-05	7.6593137254902e-05
Visa_status_lag1	2.72261534975918e-05	7.07241285017067e-06	7.6593137254902e-05
active_quarter_lag1	2.69076297490731e-05	1.15362169122887e-05	7.6593137254902e-05
ccajeros_propios_descuentos_tend6	2.6859676659943e-05	0.00019667073144658	0.000153186274509804
cliente_vip_lag1	2.68312972596868e-05	6.21688297793241e-06	7.6593137254902e-05
mv_mpagado_lag1	2.57074524074344e-05	8.94710306535684e-05	7.6593137254902e-05
mv_mpagosdolares_lag1	2.48740094297626e-05	1.36156772984944e-05	7.6593137254902e-05
mvr_msaldodolares_tend6	2.48377691441895e-05	0.000174089824207652	0.000153186274509804
ctarjeta_master_trx_lag1	2.36563777141958e-05	2.0513173133096e-05	7.6593137254902e-05
cinversion2	2.32963390344998e-05	0.000527531152345476	7.6593137254902e-05
ccajeros_propios_descuentos_avg6	2.29479084591364e-05	1.38717010866456e-05	7.6593137254902e-05
mv_msaldodolares	2.29033302312965e-05	2.24006156781882e-05	7.6593137254902e-05
mtarjeta_visa_descuentos	2.27130140604668e-05	2.32414876999598e-05	7.6593137254902e-05
mtarjeta_visa_descuentos_tend6	2.25502371630523e-05	6.28626347014133e-05	7.6593137254902e-05
Master_fechaalta_delta1	2.21071584888189e-05	9.24666066939412e-06	7.6593137254902e-05
ctarjeta_master_delta1	2.20399686058999e-05	0.000127848214745417	7.6593137254902e-05
Visa_madelantopesos	2.19341176900175e-05	6.17193223650127e-06	7.6593137254902e-05
mvr_mpagosdolares_delta1	2.14229406137886e-05	5.04278915555174e-05	7.6593137254902e-05
tpaquete9_tend6	2.13567318639242e-05	3.27925430640452e-05	7.6593137254902e-05
minversion2_lag1	2.12548662733583e-05	0.000483531705409627	7.6593137254902e-05
minversion2_tend6	2.12239344073326e-05	0.00039078757674685	7.6593137254902e-05
cforex_buy_avg6	2.06535431649091e-05	9.11234589961782e-05	7.6593137254902e-05
mvr_msaldodolares_delta1	2.05011078489512e-05	0.000391163306313812	7.6593137254902e-05
Master_msaldodolares_delta1	2.03181476429852e-05	0.000469698114734195	7.6593137254902e-05
cpagodeservicios_lag1	1.94391216626586e-05	0.000651138362355868	7.6593137254902e-05
mcheques_emitidos_tend6	1.93586603086966e-05	0.000742266218707187	7.6593137254902e-05
mvr_mconsumosdolares_delta1	1.91991527289993e-05	0.000364235369221484	7.6593137254902e-05
mprestamos_prendarios_lag1	1.88277187208138e-05	0.0003936536751081	7.6593137254902e-05
mtarjeta_master_descuentos_avg6	1.87853222897149e-05	0.000732000348835343	7.6593137254902e-05
Master_mpagado_lag1	1.82538335639498e-05	0.000306866008279965	7.6593137254902e-05
ctransferencias_recibidas_delta1	1.81307782013202e-05	7.46133448255311e-06	7.6593137254902e-05
ctarjeta_master_descuentos_tend6	1.80350425814739e-05	0.000136251560417962	7.6593137254902e-05
mcajeros_propios_descuentos_delta1	1.6906406895356e-05	0.000100553831391421	7.6593137254902e-05
Master_msaldodolares_avg6	1.66682870850956e-05	0.000606294623233139	7.6593137254902e-05
mv_status06_delta1	1.66539855087801e-05	0.000669516375270985	7.6593137254902e-05
Master_status_lag1	1.64255250463205e-05	0.000161334074136536	7.6593137254902e-05
mprestamos_hipotecarios_tend6	1.58901489396747e-05	0.000557592449272564	7.6593137254902e-05
mv_mpagosdolares_delta1	1.54528945819735e-05	3.20435269051981e-05	7.6593137254902e-05
mvr_msaldodolares_lag1	1.47752136536805e-05	5.72437920225213e-05	7.6593137254902e-05
mcheques_depositados_delta1	1.45666578647396e-05	0.000715285024758162	7.6593137254902e-05
ctarjeta_master_avg6	1.38468228333913e-05	0.000551926701472179	7.6593137254902e-05
tcuentas_lag1	1.3807966755905e-05	0.000461792647382501	7.6593137254902e-05
mv_status04	1.30864126308397e-05	5.43513095304307e-06	7.6593137254902e-05
ccajas_otras_lag1	1.27538178131689e-05	0.000443565610327191	7.6593137254902e-05
ccajas_consultas_lag1	1.24700651836871e-05	0.000703450276291369	7.6593137254902e-05
mprestamos_prendarios_delta1	1.2106154321385e-05	0.000446234316302157	7.6593137254902e-05
cforex_sell_lag1	1.16982258787027e-05	0.000742266218707187	7.6593137254902e-05
ccheques_depositados_rechazados_avg6	9.71293776103653e-06	0.000690175638313733	7.6593137254902e-05
ccheques_depositados	5.2531041608898e-06	0.00023175722810866	7.6593137254902e-05
ccajas_extracciones	2.49296515792728e-06	3.76584608239657e-05	7.6593137254902e-05
