Feature	Gain	Cover	Frequency
mv_status07_tend6	0.213481752268039	0.0174875913635145	0.00462410501193317
ctrx_quarter	0.163930478976765	0.0111292944902467	0.0074582338902148
mcuentas_saldo	0.0653771373281454	0.00891853676193995	0.00865155131264917
cpayroll_trx	0.0282406710412315	0.0085522172838753	0.00223747016706444
varnueva_02	0.0162155187535675	0.00631195831022635	0.00880071599045346
mv_status01_tend6	0.0129704463772094	0.00203000260948567	0.000596658711217184
varnueva_03	0.0129349594812105	0.00242372226211701	0.00477326968973747
varnueva_05	0.0126099531109687	0.00565215463127177	0.00760739856801909
mv_status04_tend6	0.0125923594867695	0.00628967369008477	0.00178997613365155
mpayroll_sobre_edad	0.0119621933462447	0.0114005593147717	0.00417661097852029
mpasivos_margen	0.0108260262453712	0.00387569044392582	0.00522076372315036
varnueva_06	0.0101819607127673	0.00228344040139352	0.00149164677804296
mprestamos_personales	0.00909063271907759	0.00565526974515321	0.00164081145584726
varnueva_06_tend6	0.00811167201706085	0.00167147699817161	0.00104415274463007
mdescubierto_preacordado	0.00804639581800969	0.00244462017554672	0.00074582338902148
mprestamos_personales_tend6	0.0074183452382394	0.0071843240020637	0.00193914081145585
mtarjeta_visa_consumo_tend6	0.00715062814553168	0.000190228736365344	0.000894988066825776
foto_mes	0.0067729527887594	0.00747153927125541	0.00760739856801909
mes	0.00665318040949346	0.00360935318328279	0.00343078758949881
mdescubierto_preacordado_delta1	0.00589615576411917	0.00554960357837035	0.00104415274463007
mcomisiones_mantenimiento_tend6	0.00455647194917267	0.0092905567767667	0.00596658711217184
mcomisiones_mantenimiento_avg6	0.00450465850159459	0.00246335730355778	0.0037291169451074
ctrx_quarter_normalizado	0.00413124710826245	0.00342269958471606	0.00387828162291169
mpayroll	0.00383721655617752	0.0108696452696302	0.00492243436754177
varnueva_02_tend6	0.00364229465024731	0.00205537138036042	0.00387828162291169
mactivos_margen	0.00302165897684193	0.00252552356449957	0.00417661097852029
mcaja_ahorro_dolares_delta1	0.00302008542758223	0.00676319532825188	0.00328162291169451
varnueva_08	0.00301581794653871	0.00262872373768796	0.00477326968973747
mdescubierto_preacordado_avg6	0.00293677445722097	0.00087254483576664	0.000596658711217184
varnueva_04	0.0027261269571086	0.00432201648547018	0.00402744630071599
ctrx_quarter_normalizado_lag1	0.00271731621044563	0.00135728398022177	0.00298329355608592
tcallcenter_tend6	0.00257099521629635	0.00423494368922426	0.00208830548926014
mvr_mpagominimo_avg6	0.00254970383794039	0.00382798065574658	0.00268496420047733
mcuenta_corriente_avg6	0.00252928774399923	0.00318189143982275	0.00507159904534606
mv_msaldopesos	0.00246986319069324	0.000878549474877833	0.00134248210023866
mv_mpagominimo_avg6	0.00244044005055919	0.00257191741887728	0.00223747016706444
mcuentas_saldo_avg6	0.00243056679498275	0.00266096853913239	0.00283412887828162
mtarjeta_visa_debitos_automaticos_tend6	0.00240126626425682	0.00615331751423139	0.00432577565632458
cliente_edad_avg6	0.00236908144785888	0.00614954664510263	0.0074582338902148
mcuenta_corriente_tend6	0.0023373780667462	0.00644209089327719	0.00522076372315036
ccaja_ahorro	0.00227523913158177	0.00451797893339934	0.00223747016706444
mcuenta_corriente	0.00226659316833713	0.00182547221609914	0.0035799522673031
cliente_edad_lag1	0.00224742793626846	0.00518986155765992	0.00611575178997613
Visa_Finiciomora	0.00213952787856733	0.00529330501272758	0.00104415274463007
ccomisiones_mantenimiento_delta1	0.00206194699390827	0.00131447742773663	0.000596658711217184
cproductos_tend6	0.0020246599414634	0.00412034686581857	0.00253579952267303
thomebanking_avg6	0.00198445653338417	0.00226932120578178	0.0037291169451074
cproductos	0.00198245278800245	0.00541469935300556	0.00432577565632458
mv_status01_avg6	0.00197921420850861	0.00321864690847429	0.00074582338902148
mcomisiones_mantenimiento	0.00197782256883265	0.00614236319470368	0.00283412887828162
mtransferencias_recibidas	0.00193562682744873	0.00527537624405175	0.00313245823389022
thomebanking	0.00190337835960407	0.00128764011897245	0.00164081145584726
mv_fechaalta_avg6	0.00188294461998075	0.00292201441890119	0.00417661097852029
mrentabilidad_annual_tend6	0.00186049871620556	0.00268530115036677	0.00477326968973747
mcuentas_saldo_delta1	0.00176074942334498	0.00450140811994055	0.00447494033412888
chomebanking_trx_delta1	0.00174219791021589	0.00362500616056068	0.00343078758949881
varnueva_01	0.00173305285555059	0.00392964041230847	0.00253579952267303
Master_fechaalta	0.00173032484874464	0.00367375874334063	0.00417661097852029
Master_Fvencimiento	0.00172378790341969	0.00272231538247171	0.00566825775656325
Master_fultimo_cierre_tend6	0.00172219855252336	0.00620064247471069	0.00313245823389022
numero_de_cliente	0.00171529819392038	0.0026753265933165	0.00566825775656325
mcuentas_saldo_tend6	0.00169006540297583	0.00163836301692213	0.0037291169451074
mactivos_margen_avg6	0.0016843918439214	0.00270986930269336	0.00447494033412888
mrentabilidad_annual_delta1	0.00166085897722159	0.00241690926367059	0.00477326968973747
ccomisiones_mantenimiento_tend6	0.00163198070657838	0.00305260149673559	0.00134248210023866
ctransferencias_recibidas_avg6	0.00157577096428582	0.00122451842374114	0.00328162291169451
mv_fechaalta_tend6	0.00157307814917804	0.00265487211640311	0.00268496420047733
mdescubierto_preacordado_tend6	0.00156207092232592	0.00276566600170504	0.000894988066825776
ctrx_quarter_delta1	0.00154261722038736	0.00180902304357999	0.00387828162291169
Master_fultimo_cierre_avg6	0.00153863264910758	0.00189834619720919	0.00387828162291169
mv_Fvencimiento	0.00152616859593113	0.00221564548242668	0.00432577565632458
cliente_edad	0.00151994269198634	0.0041983762111158	0.00566825775656325
Visa_cconsumos_tend6	0.00151867859199128	0.000683659678870927	0.00223747016706444
mcomisiones_avg6	0.00150809929224867	0.0023873505153387	0.00268496420047733
ctransferencias_recibidas_tend6	0.00149526525964633	0.00505007731896221	0.00492243436754177
mv_fultimo_cierre_avg6	0.0014782884765644	0.00158835310915701	0.00402744630071599
varnueva_08_tend6	0.00147758656078227	0.00114432829302526	0.00283412887828162
mcuentas_saldo_lag1	0.00145654802158387	0.00296179764112297	0.0037291169451074
Master_Fvencimiento_lag1	0.00143818579710716	0.000940071038839545	0.00328162291169451
cliente_antiguedad_avg6	0.00141994908465386	0.00109117451988387	0.0035799522673031
varnueva_08_avg6	0.00140214696530227	0.00120304105710807	0.00283412887828162
varnueva_07_delta1	0.00139024844177143	0.00207399792569908	0.00507159904534606
mcaja_ahorro	0.00138066487969404	0.00198064735114115	0.00417661097852029
mrentabilidad_tend6	0.00137982126806634	0.00175597542980411	0.00447494033412888
varnueva_07	0.00137581761450109	0.00115115013808547	0.00298329355608592
mcuenta_debitos_automaticos	0.00132553404205118	0.00360234224185278	0.00208830548926014
mcomisiones_otras_avg6	0.00131425449943066	0.00257721432888513	0.00298329355608592
Master_fechaalta_lag1	0.00127751063017331	0.00192430658538127	0.0035799522673031
mtransferencias_emitidas_avg6	0.00127679725514474	0.0031956976864716	0.00686157517899761
mautoservicio	0.00126067663418115	0.00635231324486442	0.00134248210023866
varnueva_03_lag1	0.00125863229008239	0.000914141613815743	0.00208830548926014
ccallcenter_trx	0.00125780888055918	0.00231623701037321	0.000596658711217184
ccomisiones_otras_avg6	0.00125279754596227	0.00252921370827748	0.00402744630071599
mv_msaldototal	0.00123350748313267	0.00254067891975167	0.00193914081145585
varnueva_03_delta1	0.0012297675217017	0.0026381896144452	0.00298329355608592
Visa_Fvencimiento	0.00122054177909889	0.00108949919239705	0.0035799522673031
mactivos_margen_tend6	0.0012129547304783	0.00126863427506746	0.00298329355608592
Visa_msaldopesos	0.00121264744489492	0.00538769064109915	0.0035799522673031
ctransferencias_emitidas_avg6	0.00121048446916919	0.00108759827625853	0.00253579952267303
mv_Finiciomora_avg6	0.00120454376699587	0.00227519425151282	0.000894988066825776
Visa_fechaalta_tend6	0.00119301609717465	0.00458271624147438	0.00238663484486874
mcuenta_corriente_delta1	0.00118985546808546	0.0046451147260282	0.00462410501193317
varnueva_07_tend6	0.00118103967248136	0.00119371119703788	0.00402744630071599
mactivos_margen_lag1	0.00117985148243568	0.00110603240774722	0.00268496420047733
ctarjeta_visa_trx	0.00117950729872794	0.00189739408039985	0.0035799522673031
ctrx_quarter_normalizado_delta1	0.00116191031345198	0.00379342688810248	0.00208830548926014
mtransferencias_recibidas_avg6	0.00115361185890237	0.00153884745837803	0.00313245823389022
chomebanking_trx_tend6	0.00115255488832958	0.00117844304745993	0.00328162291169451
mtransferencias_recibidas_lag1	0.00114596495645393	0.00319085305959386	0.00313245823389022
ctarjeta_visa_debitos_automaticos_tend6	0.00114470134618542	0.00147884198285489	0.00208830548926014
cliente_antiguedad_lag1	0.00112745920211762	0.00161116631447265	0.00298329355608592
mrentabilidad	0.00110992773681755	0.00099608447988913	0.00328162291169451
Master_Fvencimiento_tend6	0.0011037475958512	0.000952619960503231	0.00208830548926014
mv_fechaalta	0.0010830228690592	0.00117333412799516	0.00268496420047733
varnueva_02_delta1	0.00107860742784997	0.00297130111598883	0.0035799522673031
Visa_mconsumospesos_tend6	0.00107839734939216	0.00164579970164087	0.0035799522673031
mpasivos_margen_tend6	0.00107677667461183	0.000887337479853275	0.00328162291169451
Master_mfinanciacion_limite	0.00107422543936038	0.0016462851595727	0.00313245823389022
Visa_mfinanciacion_limite	0.00107185624539063	0.001569082972665	0.00298329355608592
Visa_Fvencimiento_avg6	0.00106614781264442	0.00154873686677055	0.00387828162291169
cproductos_avg6	0.00106505017944711	0.00412819712973208	0.00522076372315036
ctrx_quarter_tend6	0.00105701633787323	0.00141493072734267	0.0037291169451074
ccaja_seguridad	0.00105081415223415	0.0031949457242993	0.000596658711217184
mcaja_ahorro_lag1	0.00104554099705548	0.00316054898405001	0.00298329355608592
ccaja_ahorro_tend6	0.00104501479892169	0.00413598657317577	0.00074582338902148
ctrx_quarter_avg6	0.001038046143469	0.00238924369069015	0.0035799522673031
mrentabilidad_annual	0.0010355819719464	0.00173919561509449	0.00283412887828162
cliente_antiguedad	0.00103302153988023	0.00137334279590735	0.00328162291169451
mrentabilidad_annual_lag1	0.00101862454975653	0.00146585625963523	0.0035799522673031
ctarjeta_debito_avg6	0.00101213172930254	0.00187113622483903	0.00253579952267303
ctrx_quarter_normalizado_tend6	0.00100015293930929	0.00155983052046549	0.00238663484486874
mcaja_ahorro_dolares_tend6	0.00099245665127237	0.00301224766792423	0.00253579952267303
ccomisiones_mantenimiento_avg6	0.000988734389707527	0.00441635677494606	0.00268496420047733
Visa_delinquency_tend6	0.000987954728453063	0.00109979443919727	0.00074582338902148
mv_mpagospesos_tend6	0.00098446110455803	0.0012337177962579	0.00223747016706444
mcomisiones_otras_tend6	0.00098075007501634	0.000749638830356989	0.00283412887828162
Master_Fvencimiento_avg6	0.00098016732381032	0.00146056487876101	0.00313245823389022
mvr_mpagominimo_tend6	0.000969333942789313	0.00129934087153884	0.00178997613365155
mcaja_ahorro_dolares	0.000968870724517591	0.00213974706522655	0.00253579952267303
Visa_mpagospesos_avg6	0.000950322467094344	0.00149954969408808	0.00253579952267303
mrentabilidad_annual_avg6	0.000948654709882475	0.000974989729302553	0.00298329355608592
ccomisiones_otras	0.000945592566685843	0.00262091770684341	0.00208830548926014
cprestamos_personales	0.00094335349346566	0.0021114909807755	0.000447494033412888
ccajas_extracciones_avg6	0.000932107813296791	0.00273157446963157	0.00238663484486874
mcomisiones_otras	0.000931139509067222	0.000993696999992065	0.00253579952267303
ccaja_ahorro_delta1	0.0009278465889318	0.00477625029391769	0.000596658711217184
Visa_mpagado_avg6	0.000911726897526593	0.00155274548864497	0.00253579952267303
mv_cconsumos_tend6	0.000899233749472301	0.00121844854085323	0.00178997613365155
ccaja_ahorro_avg6	0.000898007607079169	0.00180079679858032	0.00134248210023866
varnueva_03_tend6	0.000888096589745371	0.00133295800394773	0.00328162291169451
mvr_msaldototal_avg6	0.000872605777264263	0.000460520433373316	0.00149164677804296
Visa_mconsumospesos_avg6	0.00087008424757763	0.00142903112390009	0.00253579952267303
mpasivos_margen_avg6	0.000864819630448265	0.000711396024761707	0.00268496420047733
Visa_fultimo_cierre_avg6	0.000864012588805242	0.00148280194835345	0.00223747016706444
mcomisiones_lag1	0.000863993634440937	0.000451740169184942	0.00193914081145585
chomebanking_trx_avg6	0.000862695447818025	0.000832181054514772	0.00253579952267303
Visa_Fvencimiento_lag1	0.000858205847770038	0.00090566766362991	0.00253579952267303
mcuenta_corriente_lag1	0.000857704412508949	0.00246517749434544	0.00238663484486874
cplazo_fijo	0.000847366251654285	0.00218462704281914	0.000447494033412888
mvr_mpagominimo	0.000845954226383348	0.0055093559089245	0.00328162291169451
ccajas_trx_avg6	0.000841332605641342	0.00382897368814471	0.0037291169451074
varnueva_03_avg6	0.000834526019651235	0.00170356366639451	0.00283412887828162
mv_Fvencimiento_tend6	0.000833558901823846	0.000703010540713793	0.00149164677804296
mv_fechaalta_lag1	0.000825819251907566	0.000648842724466525	0.00223747016706444
Visa_cconsumos_avg6	0.00082281408483658	0.000868966380487852	0.00208830548926014
mpayroll_sobre_edad_avg6	0.000822751026424096	0.00230411272617153	0.00238663484486874
chomebanking_trx_lag1	0.000820964932992766	0.00106097439205207	0.00268496420047733
mcaja_ahorro_avg6	0.000819405538789277	0.00207583359806088	0.00223747016706444
mv_Finiciomora_lag1	0.000807014658796626	0.00381166749991448	0.00119331742243437
mtarjeta_visa_consumo	0.000806779992027038	0.00322648390246711	0.00551909307875895
cmobile_app_trx_avg6	0.000803894996407485	0.000877576347360734	0.00268496420047733
Visa_msaldototal	0.000803518005390532	0.000842866658148557	0.00238663484486874
Visa_fechaalta_lag1	0.000802805247321193	0.0019054953669797	0.00238663484486874
ccomisiones_otras_tend6	0.000798951084315276	0.00199707772460599	0.00283412887828162
cpagomiscuentas_avg6	0.000794763461567399	0.00128847612397577	0.00178997613365155
Visa_mpagospesos_lag1	0.000793833064328793	0.000624312170248553	0.00238663484486874
Visa_fechaalta	0.000792198812633493	0.000842861129014937	0.00223747016706444
internet_avg6	0.00079002539588367	0.00117958204898563	0.00193914081145585
mpagomiscuentas	0.000787134439413764	0.00206889895867482	0.00149164677804296
mv_mpagominimo_lag1	0.000784672762307523	0.00318387308131212	0.00223747016706444
varnueva_07_avg6	0.000777115965596084	0.000722405635625618	0.00253579952267303
mcomisiones_otras_lag1	0.000771212292534181	0.000390173266327547	0.00164081145584726
mcomisiones_delta1	0.000766231914231819	0.00169342765864254	0.00238663484486874
mv_fultimo_cierre	0.000765280238674758	0.00146088778016441	0.00283412887828162
Visa_msaldopesos_avg6	0.00076141698635627	0.000293278517119273	0.00119331742243437
mvr_msaldopesos2_lag1	0.000760664972023167	0.00133942819610972	0.0035799522673031
Visa_mlimitecompra_avg6	0.000759083595080437	0.0016542227837974	0.00238663484486874
internet_delta1	0.000758327544173551	0.000494694902451088	0.00119331742243437
ctrx_quarter_lag1	0.000756418377128077	0.00160504224607527	0.00268496420047733
ccomisiones_mantenimiento	0.000755453062086264	0.0019868532507161	0.000596658711217184
mrentabilidad_lag1	0.000754638762215418	0.00103940745345436	0.0035799522673031
mvr_mpagospesos_avg6	0.00075321460941025	0.000767767753669861	0.00104415274463007
mpayroll_tend6	0.00075212617280379	0.00245072544488979	0.00223747016706444
Visa_mfinanciacion_limite_lag1	0.00074485766921874	0.000872679746626965	0.00178997613365155
mcaja_ahorro_delta1	0.000744488279937458	0.0031685231005566	0.00208830548926014
varnueva_04_tend6	0.000743944722895368	0.000735759599144359	0.00164081145584726
varnueva_07_lag1	0.000739699322724671	0.000544182860002487	0.00208830548926014
Visa_Fvencimiento_tend6	0.000739481163779977	0.00119232227867256	0.00164081145584726
ccallcenter_trx_tend6	0.000736088675688048	0.00417516048487264	0.00298329355608592
mvr_msaldototal_tend6	0.000724054190168675	0.00463355109597558	0.00149164677804296
Master_mfinanciacion_limite_lag1	0.000722505162573435	0.00144586733577263	0.00119331742243437
mv_status07_delta1	0.000717556978551075	0.00331671604566342	0.000894988066825776
ctarjeta_visa_trx_lag1	0.000711997227233239	0.00139476265955078	0.00283412887828162
mvr_mconsumospesos	0.000711211135207018	0.000487137682619432	0.00149164677804296
mcaja_ahorro_tend6	0.000708830078006688	0.0010003817225385	0.00268496420047733
ctarjeta_visa_debitos_automaticos_avg6	0.000702939434833063	0.00270864183502974	0.00208830548926014
mvr_msaldopesos_lag1	0.00069939601889864	0.00125154261722168	0.00164081145584726
mvr_msaldopesos2_avg6	0.00069910496235455	0.000717807608107324	0.00328162291169451
mvr_msaldopesos2_tend6	0.000692888781515648	0.00140374418420292	0.00178997613365155
mrentabilidad_avg6	0.000688017212188771	0.00233063045101249	0.00164081145584726
Visa_mpagominimo_lag1	0.000685095982617845	0.000924275409914264	0.00253579952267303
Master_fechaalta_avg6	0.000683485652977839	0.000976189551298068	0.00238663484486874
mcomisiones_tend6	0.000682201895147689	0.00126949129077854	0.00178997613365155
tcallcenter	0.000676509508549478	0.000644474708906818	0.000298329355608592
mtransferencias_recibidas_tend6	0.000676260222781396	0.00215836476395142	0.00298329355608592
mpagomiscuentas_tend6	0.000672006043172835	0.00437438512163753	0.00208830548926014
mv_Fvencimiento_lag1	0.000671491949217814	0.000849762593599275	0.00253579952267303
chomebanking_trx	0.000669663056361761	0.00230697902904008	0.00283412887828162
varnueva_08_delta1	0.000660668029098075	0.000653296994510703	0.00149164677804296
mv_fultimo_cierre_tend6	0.000654378499792117	0.00114861890071429	0.00164081145584726
Visa_cconsumos_lag1	0.00065354434417462	0.00119768222080368	0.00193914081145585
mactivos_margen_delta1	0.000652681122996027	0.00237955664858811	0.00193914081145585
Master_mpagominimo_avg6	0.000645421600284476	0.0017677270503998	0.00134248210023866
mcomisiones	0.000640816462629515	0.00166683805506453	0.00193914081145585
mpayroll_avg6	0.000633346082826316	0.0014138945677023	0.00134248210023866
internet	0.000630927641057882	0.000606284982994287	0.00119331742243437
mv_Fvencimiento_avg6	0.000628615162302706	0.000815239789103451	0.00268496420047733
ctarjeta_visa_trx_tend6	0.000628270510876711	0.000673296976640543	0.00134248210023866
mpasivos_margen_lag1	0.000627625300356587	0.000459625819553619	0.00223747016706444
varnueva_02_lag1	0.000627187331488278	0.000704516676711849	0.00238663484486874
mpasivos_margen_delta1	0.000610915666099028	0.000793433991933357	0.00208830548926014
mv_mpagominimo_delta1	0.000604089201565563	0.0020289985188203	0.00134248210023866
ccajas_otras_delta1	0.000603334284452365	0.00331944301436475	0.000447494033412888
Visa_msaldopesos_tend6	0.000596035141355716	0.0005796091249318	0.00193914081145585
Visa_mfinanciacion_limite_avg6	0.000595738109468775	0.000783780124633041	0.00149164677804296
tmobile_app_avg6	0.00059220721053277	0.000437063636904325	0.00178997613365155
mv_mfinanciacion_limite_avg6	0.000591782973744605	0.00106837679614237	0.00164081145584726
ctarjeta_debito_trx_avg6	0.000591275676875297	0.00173777794523435	0.00178997613365155
mv_mfinanciacion_limite_tend6	0.000588311827055228	0.00097908239400799	0.00074582338902148
mcaja_ahorro_dolares_avg6	0.000577737648086289	0.000640180783737617	0.00164081145584726
mv_msaldopesos_tend6	0.000572989000645284	0.000563885374743578	0.00134248210023866
cliente_vip_delta1	0.000569997834291727	0.000297496140244519	0.000447494033412888
varnueva_08_lag1	0.000568963441862172	0.00111323355137376	0.00193914081145585
Visa_mconsumospesos	0.000567210128599937	0.00108465456551931	0.00253579952267303
Master_mpagominimo	0.000566420302999396	0.00122022228691849	0.00134248210023866
Visa_mpagospesos_tend6	0.000562725844819641	0.000537211728334539	0.00238663484486874
Visa_msaldototal_tend6	0.00055893689163013	0.00143005843692667	0.00164081145584726
mpayroll_sobre_edad_tend6	0.000557714162251534	0.00119771650143212	0.00178997613365155
Visa_mpagominimo_tend6	0.000554750269540159	0.000492112797050603	0.00178997613365155
mrentabilidad_delta1	0.000553531249020837	0.00233895953789748	0.00223747016706444
Visa_mpagominimo_avg6	0.000547689259448653	0.00142517510611358	0.00149164677804296
Visa_cconsumos_delta1	0.000547240876955887	0.00134936404922465	0.00119331742243437
mv_mpagospesos	0.000544921653799336	0.00145222473360878	0.000894988066825776
cprestamos_personales_avg6	0.000544735989015443	0.000798827108866191	0.000894988066825776
varnueva_02_avg6	0.000542264583584957	0.000648982058633746	0.00178997613365155
mtarjeta_visa_debitos_automaticos_avg6	0.000537579312701906	0.000405354055594297	0.00104415274463007
mv_mconsumospesos_avg6	0.000536697157980384	0.000432106215700738	0.00164081145584726
Master_msaldopesos_tend6	0.000534217629877016	0.00162827345389257	0.00104415274463007
Visa_mlimitecompra	0.000530504986520017	0.00121501163139511	0.00164081145584726
varnueva_04_lag1	0.000528511859667309	0.000534945889377111	0.00223747016706444
Master_mpagospesos_avg6	0.000528073383549292	0.00140516295988978	0.00178997613365155
Visa_mpagominimo	0.000522798013902289	0.000811236696362655	0.00119331742243437
cforex_avg6	0.000519189761668278	0.000522497597945307	0.00119331742243437
mvr_Visa_mlimitecompra_avg6	0.000514821554049632	0.000400178786526087	0.00119331742243437
mpagomiscuentas_avg6	0.000513136500951762	0.00185447805106904	0.00178997613365155
mvr_mpagospesos_tend6	0.000510336499669307	0.000826728222938843	0.00193914081145585
mcomisiones_mantenimiento_lag1	0.00051032679274871	0.00378201807379122	0.00164081145584726
Master_fultimo_cierre	0.00050923230218719	0.00133627658994638	0.00178997613365155
mautoservicio_tend6	0.000508554245293821	0.00320358001936011	0.00208830548926014
mvr_Master_mlimitecompra_avg6	0.000506962010216005	0.00103806387398473	0.00119331742243437
mcuenta_debitos_automaticos_tend6	0.000505833723486163	0.00233674346114263	0.00119331742243437
varnueva_06_delta1	0.000502114632128412	0.000565593877032121	0.000596658711217184
Visa_mpagospesos_delta1	0.000501153105218995	0.000382037699119251	0.00178997613365155
tcallcenter_avg6	0.000499453823993781	0.00116716250904865	0.00074582338902148
mv_mlimitecompra_avg6	0.000498643158520521	0.000415089754072187	0.00104415274463007
Visa_fultimo_cierre_lag1	0.00049468478031666	0.000449246529922375	0.00149164677804296
Master_fultimo_cierre_lag1	0.000488879118846532	0.000951854728410239	0.00238663484486874
ccaja_seguridad_avg6	0.000487673981445518	0.00139013366888422	0.000447494033412888
mprestamos_personales_delta1	0.000485191215576812	0.00400111994591959	0.00119331742243437
mtransferencias_emitidas	0.000484644378772843	0.00219684532229236	0.00134248210023866
Visa_msaldototal_delta1	0.000481335826551549	0.00154751935154746	0.00178997613365155
ctarjeta_debito_trx_lag1	0.000474570863263459	0.00124460466035545	0.00193914081145585
Master_mlimitecompra_avg6	0.00047444237826972	0.000372265508359471	0.00149164677804296
Visa_mlimitecompra_lag1	0.000470993998530905	0.000240322686961483	0.00104415274463007
Master_mpagospesos_tend6	0.000465251571903047	0.00275259402400092	0.00119331742243437
mv_msaldototal_lag1	0.000456496693142647	0.00109124750444766	0.00134248210023866
ccomisiones_otras_lag1	0.000452795180741358	0.00243628445370138	0.00149164677804296
ccaja_ahorro_lag1	0.000451308883550006	0.000806587800815058	0.000596658711217184
Master_mlimitecompra	0.000449388272710975	0.000363001997892719	0.00149164677804296
cpayroll_trx_avg6	0.000448452953914266	0.00223775980525277	0.00104415274463007
ccallcenter_trx_avg6	0.000436067937527617	0.00246154817103735	0.00223747016706444
Visa_msaldopesos_delta1	0.000432948260528494	0.00131484677386244	0.00104415274463007
mv_cconsumos_avg6	0.000430776477115216	0.00097289197600717	0.00178997613365155
mpayroll_delta1	0.00043071488449759	0.00387545379700689	0.00149164677804296
Visa_mpagospesos	0.000430486393450184	0.000655678945274148	0.00149164677804296
cprestamos_personales_tend6	0.00042288424861306	0.00065473678090532	0.000298329355608592
cproductos_delta1	0.000422692468373533	0.00561068059998903	0.000894988066825776
mpayroll_sobre_edad_delta1	0.000420862911680189	0.00189627056044829	0.000894988066825776
ccajas_consultas_tend6	0.000419091029794004	0.00303900425133757	0.00149164677804296
cmobile_app_trx_tend6	0.000418961165330164	0.00154559963635463	0.00164081145584726
ccajas_consultas_avg6	0.000416614430115488	0.00192400801216579	0.00134248210023866
mv_mpagominimo_tend6	0.00041571274060264	0.000987302004047308	0.00208830548926014
mvr_msaldopesos2	0.000414723883108546	0.00144428932103752	0.00178997613365155
mtarjeta_visa_debitos_automaticos_delta1	0.000412931730928331	0.00135697213708561	0.00164081145584726
Master_msaldopesos	0.00041256608996169	0.00291025284586498	0.00104415274463007
varnueva_01_tend6	0.000411440791867912	0.00100416917906812	0.00119331742243437
mprestamos_hipotecarios_avg6	0.000410012423826484	0.00624261081053905	0.000596658711217184
thomebanking_tend6	0.000407482550558393	0.000907579638035666	0.000894988066825776
mvr_msaldodolares2_avg6	0.000406665568695728	0.0010861529607303	0.00208830548926014
ccajas_trx_tend6	0.000406253701984323	0.000864198055654065	0.00074582338902148
mvr_Visa_mlimitecompra_lag1	0.000404502138709469	0.000213671157086924	0.00104415274463007
ctarjeta_visa_trx_avg6	0.000400941960646821	0.00261186430345421	0.00178997613365155
mplazo_fijo_dolares_delta1	0.000397772393860659	0.00422966889575089	0.00104415274463007
mv_mpagospesos_delta1	0.000396944895129457	0.000620735926623213	0.00104415274463007
mvr_mconsumosdolares_avg6	0.000395384531534476	0.000580494892137706	0.00164081145584726
mvr_msaldopesos_tend6	0.000395271229235489	0.00193173995261984	0.00149164677804296
ctarjeta_debito_tend6	0.000393111968380834	0.00625715464361279	0.00074582338902148
mprestamos_prendarios	0.000391174445455755	0.00496624901832444	0.000596658711217184
mtarjeta_visa_debitos_automaticos_lag1	0.000388606177414585	0.00191648175548241	0.00164081145584726
mextraccion_autoservicio_tend6	0.000386122241524635	0.000292397173220263	0.000894988066825776
Visa_fultimo_cierre	0.000385659481130044	0.000430373385224267	0.00178997613365155
Visa_fechaalta_avg6	0.000385035984501628	0.00142641363204444	0.00149164677804296
Visa_msaldototal_avg6	0.000380558977854945	0.000414722619599827	0.00134248210023866
Visa_mconsumospesos_lag1	0.000378366197610861	0.000523650975218414	0.00134248210023866
Master_mpagominimo_lag1	0.000376074240565401	0.00121058832449921	0.00149164677804296
ccuenta_debitos_automaticos_tend6	0.000371696023299834	0.00210876290624745	0.00074582338902148
Visa_fultimo_cierre_tend6	0.000366722174528547	0.000379054178617963	0.00104415274463007
mcaja_ahorro_dolares_lag1	0.0003662086004079	0.000584075559069942	0.00134248210023866
ccomisiones_otras_delta1	0.000365633040451405	0.000884373864233018	0.00104415274463007
mvr_mpagado_avg6	0.00036561144001985	0.00067351040119827	0.00119331742243437
Master_mlimitecompra_lag1	0.000362549747552406	0.00142632958921342	0.000894988066825776
mvr_msaldototal	0.000362340310577076	0.000240847954655372	0.00119331742243437
Master_status_avg6	0.000361619553691364	0.0023408560307291	0.000894988066825776
mvr_mpagospesos	0.00035739964838002	0.000770320001748799	0.00119331742243437
ccajas_consultas	0.000357101627385916	0.00273008823851455	0.000596658711217184
mcuenta_debitos_automaticos_avg6	0.000355742242234683	0.000463330339078941	0.00119331742243437
Master_mfinanciacion_limite_avg6	0.000355200041692912	0.000678607156569078	0.00164081145584726
ctarjeta_visa_descuentos_avg6	0.000354956681438669	0.0047962259478596	0.00074582338902148
mplazo_fijo_dolares_avg6	0.000353209181268633	0.000703552395808542	0.000298329355608592
mvr_mconsumototal_avg6	0.000352582291768776	0.00108537556454334	0.000894988066825776
mvr_msaldototal_lag1	0.000350794117417811	0.000345732301944377	0.00149164677804296
Visa_mconsumosdolares_lag1	0.000347628502307478	0.000456979576203143	0.00134248210023866
Master_mlimitecompra_tend6	0.000347546510374105	0.00366189211676564	0.00119331742243437
Master_mpagospesos_lag1	0.00034559434303954	0.000667266903514699	0.000894988066825776
cmobile_app_trx_lag1	0.00034533370838816	0.000699028458680754	0.00178997613365155
mvr_Master_mlimitecompra_lag1	0.000344519147384633	0.000703044821342236	0.00104415274463007
mautoservicio_avg6	0.000344510175825776	0.000544015880167167	0.00164081145584726
ctarjeta_master_trx_tend6	0.000343937873081949	0.000670762421789189	0.000894988066825776
mv_status02_avg6	0.000342031422260013	0.000941128209187667	0.000149164677804296
Master_cconsumos_avg6	0.000341633400594213	0.000571094259157181	0.00149164677804296
mtransferencias_emitidas_tend6	0.000339744931978393	0.00172186178119615	0.00164081145584726
cplazo_fijo_tend6	0.000336456355652543	0.00192890240124611	0.000596658711217184
mv_mconsumosdolares_lag1	0.000335516270333618	0.00166144162065152	0.00104415274463007
Visa_cconsumos	0.000333356212697123	0.00046005709197597	0.00193914081145585
Visa_msaldopesos_lag1	0.000332713772871552	0.000666315892532079	0.00134248210023866
mv_fultimo_cierre_lag1	0.000332224180007245	0.000705116034796244	0.00193914081145585
Master_mfinanciacion_limite_tend6	0.000330714676854478	0.00101654006262925	0.00074582338902148
ctarjeta_master_tend6	0.000325372100606792	0.00015630086664702	0.000298329355608592
Visa_mpagominimo_delta1	0.000325286748092381	0.000328020275306444	0.00104415274463007
mv_msaldopesos_avg6	0.000324620193551717	0.0018616062101318	0.00119331742243437
Visa_mconsumospesos_delta1	0.000322564181073813	0.00093021701690219	0.00164081145584726
catm_trx_avg6	0.000319958042350014	0.000335971169451836	0.00104415274463007
mv_mlimitecompra	0.000318316344893693	0.000556634468914463	0.00104415274463007
mv_mpagominimo	0.000316529911955194	0.00363952455961977	0.00238663484486874
mv_mfinanciacion_limite	0.000316515330066767	0.000311957036313961	0.000894988066825776
cextraccion_autoservicio_avg6	0.000313887024004777	0.000360511676110324	0.00134248210023866
ctransferencias_emitidas_tend6	0.000311000811742181	0.00183804878343092	0.00104415274463007
mprestamos_personales_avg6	0.000310594469452618	0.000840814243748857	0.000447494033412888
ctransferencias_recibidas	0.000301794622485563	0.00111036614267849	0.00074582338902148
Master_msaldototal_tend6	0.000297336053311546	0.000882104707795418	0.000894988066825776
cpagomiscuentas_tend6	0.000294892633385591	0.00167347301540839	0.00149164677804296
varnueva_04_avg6	0.00029463696105928	0.00185116610003073	0.00313245823389022
ccuenta_debitos_automaticos_avg6	0.000292700392649195	0.00119405621497576	0.00074582338902148
tmobile_app_tend6	0.00029166064786041	0.00112546288911422	0.00104415274463007
Visa_mpagado_tend6	0.000290885404038468	0.000986488115578461	0.00074582338902148
mvr_mpagominimo_delta1	0.000289912148428527	0.00227433944745519	0.000894988066825776
mforex_sell_avg6	0.000289796866894138	0.00238846629450319	0.000894988066825776
mvr_msaldopesos2_delta1	0.000289590084528598	0.000332895865332457	0.000894988066825776
ctarjeta_debito_trx	0.000286288268365493	0.000261971456736772	0.000596658711217184
mcomisiones_otras_delta1	0.000286242537000585	0.000219956676186006	0.000894988066825776
internet_tend6	0.000284403087302607	0.00188725807264788	0.000596658711217184
Visa_mconsumosdolares_tend6	0.000278370830992885	0.00045551324996715	0.00104415274463007
mvr_mconsumosdolares_tend6	0.000278047438516326	0.000393302755956401	0.000596658711217184
mtransferencias_emitidas_delta1	0.000276904517774004	0.000948599174534852	0.00104415274463007
mcuenta_debitos_automaticos_lag1	0.000276681471942199	0.000569884484721151	0.00119331742243437
mv_mconsumosdolares_delta1	0.000275735345177134	0.000489945376671609	0.00074582338902148
Visa_msaldototal_lag1	0.000274272193213917	0.000477398666661371	0.00104415274463007
mv_mpagado_avg6	0.000273965823154307	0.000367980429804061	0.000894988066825776
mv_mlimitecompra_lag1	0.000273388235563615	0.000355720128915333	0.000894988066825776
catm_trx_other_avg6	0.000272540067532627	0.000478848405496504	0.00104415274463007
mvr_mpagominimo_lag1	0.000269613005802315	0.000155543375341096	0.000596658711217184
mtarjeta_visa_debitos_automaticos	0.000267394178357495	0.00042279073137796	0.00134248210023866
mtransferencias_emitidas_lag1	0.000264413839397277	0.000808612569546659	0.00178997613365155
mplazo_fijo_dolares	0.000261723804276863	0.0021865578162792	0.000298329355608592
ctrx_quarter_normalizado_avg6	0.000261503597551617	0.00131533002014082	0.00119331742243437
mv_mconsumospesos_lag1	0.0002613309001049	0.000201514803910249	0.00074582338902148
mtarjeta_visa_consumo_lag1	0.000260957545460155	0.000683525873837326	0.00104415274463007
varnueva_05_tend6	0.0002591843931105	0.000148016012830987	0.00074582338902148
matm_lag1	0.000258448542510743	0.000270216500790741	0.00119331742243437
mv_cconsumos_lag1	0.000255894875262563	0.000694521108953825	0.00104415274463007
cmobile_app_trx_delta1	0.000252572118432074	0.000509729722590273	0.000894988066825776
Master_fultimo_cierre_delta1	0.000249515993916299	0.000289765305617199	0.00074582338902148
mv_mpagospesos_avg6	0.000248749439337195	0.000291121049180794	0.000447494033412888
Visa_status_delta1	0.00024810499606285	0.00308402356309738	0.000447494033412888
Visa_mpagosdolares_tend6	0.000246452758967094	9.65320380428102e-05	0.000596658711217184
mcheques_emitidos_avg6	0.000245373649220149	0.00263017015904292	0.000596658711217184
mvr_msaldodolares_avg6	0.00024162233102057	0.000486553806109172	0.00119331742243437
mv_mconsumosdolares_avg6	0.000241263250426181	0.00025264933745365	0.00104415274463007
varnueva_05_avg6	0.000239738752954239	0.00168888492246045	0.00104415274463007
mforex_buy_avg6	0.000238217597135318	0.00513602659525656	0.00074582338902148
mforex_sell_tend6	0.000234923058914763	0.00200839475529917	0.00193914081145585
mcaja_ahorro_adicional	0.000233902043926515	0.00244204691676003	0.000596658711217184
mv_status06_tend6	0.000233740494453722	0.000997200259053622	0.000447494033412888
Visa_mconsumototal_lag1	0.000231656759515678	0.000278519047834357	0.000596658711217184
mpagomiscuentas_lag1	0.000230090378639248	0.000584700351168989	0.00104415274463007
matm_tend6	0.000229650735926389	0.000998824718511144	0.00104415274463007
Master_fechaalta_tend6	0.000229408162519352	0.000357622150880573	0.00134248210023866
mv_status04_delta1	0.000229312574805426	0.0016297784840639	0.000447494033412888
mvr_Master_mlimitecompra_tend6	0.000227214924839876	0.00168403255479564	0.00134248210023866
cliente_edad_tend6	0.000222201355168508	0.00011531118746938	0.000447494033412888
Visa_delinquency_avg6	0.000221529071397616	0.00112194193682507	0.000447494033412888
Visa_mconsumosdolares_avg6	0.00022061737689418	0.0003027300181291	0.000894988066825776
mv_cconsumos	0.000215205499772827	0.00117092342573689	0.000596658711217184
Visa_status_avg6	0.000214315552586508	3.01492598024971e-05	0.000149164677804296
Master_mconsumospesos	0.000212151668532601	0.000303845797293593	0.000447494033412888
cliente_vip	0.000211414412769999	0.00166585386928019	0.000596658711217184
mv_mfinanciacion_limite_delta1	0.000207351296889099	0.00204338864197941	0.000447494033412888
Visa_mconsumototal_tend6	0.000204626357250148	0.000355596276322248	0.00074582338902148
mv_status01_delta1	0.000203919950935865	0.000799040533423918	0.000298329355608592
mvr_Master_mlimitecompra	0.000203622301713356	0.000631197047432031	0.00134248210023866
mtarjeta_master_consumo_lag1	0.000203153582174199	0.000294220681488101	0.000894988066825776
mv_msaldototal_avg6	0.000201077097020237	0.000222040053733978	0.00119331742243437
varnueva_01_avg6	0.000199812386377071	0.0011438505758805	0.00119331742243437
mtransferencias_recibidas_delta1	0.000199406035788204	0.00187106213444852	0.00104415274463007
mv_msaldopesos_lag1	0.00019805156501186	0.000186725477303787	0.00074582338902148
mvr_Visa_mlimitecompra_tend6	0.000197497977287796	0.00105733953961036	0.000596658711217184
mv_msaldodolares_avg6	0.000196861424432098	0.00126618376304713	0.00104415274463007
ccuenta_debitos_automaticos	0.000196437899688058	0.000192601840514998	0.000447494033412888
mplazo_fijo_dolares_tend6	0.000193681042963989	0.000797030140439729	0.000298329355608592
mv_mpagado_tend6	0.000193388519513124	0.00238987954105643	0.000596658711217184
varnueva_05_delta1	0.000193266803705544	0.000372764236211984	0.000894988066825776
mextraccion_autoservicio_delta1	0.000190200782096735	0.000293230966570142	0.000894988066825776
Master_msaldopesos_avg6	0.000187626759339983	0.000516969570152148	0.000894988066825776
mv_status05_tend6	0.000186458658443562	0.00093955793523962	0.000596658711217184
mvr_msaldopesos	0.000186104091106883	0.000617263630709926	0.000894988066825776
cproductos_lag1	0.000185595358412115	0.00130999551202436	0.00134248210023866
Master_mpagominimo_tend6	0.000185531480848797	0.000363439905275414	0.000596658711217184
mvr_mconsumospesos_avg6	0.0001846430989473	0.000196706669314399	0.00074582338902148
mv_mconsumospesos	0.000184066754543723	0.000299944440611403	0.00104415274463007
mprestamos_personales_lag1	0.00018040657804292	0.000804324173511078	0.000298329355608592
mv_mpagospesos_lag1	0.000179311722362445	0.00042610821154989	0.00134248210023866
mvr_mpagado_tend6	0.00017734366867664	0.000535172583855526	0.000596658711217184
mtarjeta_master_consumo_tend6	0.00017702237544575	0.000724984423545932	0.000447494033412888
mvr_msaldototal_delta1	0.000176219011529103	0.00210947727031114	0.00104415274463007
mv_Finiciomora_delta1	0.000175384165603964	0.00205861366431512	0.000298329355608592
mv_cconsumos_delta1	0.000175324595022964	0.00164572450542364	0.00074582338902148
mvr_Visa_mlimitecompra	0.000174998335908752	0.000361710392279114	0.00074582338902148
matm	0.000172887017948711	0.000142816415574849	0.00074582338902148
matm_avg6	0.000171561801314837	0.000528878218142652	0.00074582338902148
Visa_Finiciomora_tend6	0.000171387757661787	0.00114040924311548	0.000149164677804296
ctarjeta_debito_trx_tend6	0.000171383256205283	0.000383356950400956	0.00074582338902148
Master_cconsumos_tend6	0.000171379438288657	0.000612835900507124	0.00074582338902148
tmobile_app	0.000169866301187982	0.000156358369636666	0.00074582338902148
catm_trx_tend6	0.000169773424265467	0.00024584186814085	0.000596658711217184
Master_delinquency_tend6	0.000169273482762408	2.56319576350528e-05	0.000149164677804296
mv_mfinanciacion_limite_lag1	0.000168652618621056	0.000375100848079746	0.000596658711217184
tcuentas_avg6	0.000167117661302471	0.00215448220632354	0.000447494033412888
mv_mpagado	0.000166466190049563	0.00155609724944534	0.000596658711217184
mv_msaldototal_delta1	0.000166070890440158	0.000740261419737668	0.000447494033412888
Visa_mconsumosdolares_delta1	0.000165688317590366	0.000148389782263691	0.000596658711217184
mvr_mconsumospesos_tend6	0.000165011199028991	0.000236115016276752	0.00074582338902148
mcheques_depositados_avg6	0.000164337219762352	0.00143590162533616	0.000447494033412888
mautoservicio_lag1	0.000163190358468627	0.000357450747738357	0.00104415274463007
tpaquete7_avg6	0.000163093724373061	0.00079083751078546	0.000149164677804296
Master_msaldototal_lag1	0.00016266635710646	0.000568916886337671	0.000596658711217184
varnueva_06_lag1	0.000162328112619589	0.00100298815612692	0.000447494033412888
matm_other_avg6	0.000160929108739014	0.000461614096003329	0.000596658711217184
mv_msaldopesos_delta1	0.000160301676060475	0.00178500559296194	0.00074582338902148
Visa_mconsumosdolares	0.000160046116404338	0.000138493738910825	0.000596658711217184
mv_fultimo_cierre_delta1	0.00015980540856027	0.000615907887146331	0.00074582338902148
tmobile_app_delta1	0.000158210186323528	0.000104260661016682	0.000596658711217184
ccallcenter_trx_delta1	0.00015783709288779	0.000726281558293156	0.000447494033412888
Master_mconsumospesos_tend6	0.000157511333666505	0.000365401641883748	0.000447494033412888
cextraccion_autoservicio_lag1	0.000156552867803831	0.000421647306545368	0.000894988066825776
mextraccion_autoservicio_avg6	0.00015333485977152	0.000243204471404166	0.000596658711217184
mvr_mconsumospesos_lag1	0.000153242885847489	0.000384836546557636	0.000596658711217184
mv_status01	0.000151790163497616	0.000194934029075865	0.000447494033412888
varnueva_06_avg6	0.000151592145037967	0.000300139066114823	0.000447494033412888
ctransferencias_emitidas_lag1	0.000151467694128859	0.000136898030948127	0.000447494033412888
ccuenta_debitos_automaticos_delta1	0.000151384713718104	0.00263989258760012	0.000447494033412888
mextraccion_autoservicio	0.000150664872052118	9.79961526253552e-05	0.000447494033412888
mtarjeta_visa_consumo_avg6	0.000149892110105426	0.000103082955555647	0.000447494033412888
mv_status05_delta1	0.000147605279445429	0.000421777794098797	0.000149164677804296
matm_delta1	0.000146661801060585	0.000432283147976575	0.000447494033412888
cseguro_vida_avg6	0.000146633674639287	0.000297228530177317	0.000447494033412888
mautoservicio_delta1	0.000146442992217464	0.000310122469778884	0.000894988066825776
ctarjeta_visa_trx_delta1	0.000144375480017376	0.000710644062589403	0.000894988066825776
ctransferencias_recibidas_lag1	0.00014340423374082	0.000340382312253778	0.000596658711217184
ctarjeta_visa_debitos_automaticos	0.000142549206022383	0.000250600240534121	0.000447494033412888
mvr_msaldopesos_avg6	0.000141603672142822	0.000170658920831131	0.00074582338902148
minversion1_pesos	0.000141062867515424	0.00167995537166434	0.000149164677804296
varnueva_01_lag1	0.000140577130808034	0.000356142554723892	0.00074582338902148
mv_msaldototal_tend6	0.000139955674045738	0.000157228655268436	0.00074582338902148
tpaquete7_tend6	0.000137990078807248	0.00320025590422783	0.000298329355608592
mvr_mconsumototal	0.000137303294866479	4.38194897642953e-05	0.000298329355608592
mtarjeta_master_consumo	0.000137231897726386	0.000885547146387157	0.00074582338902148
mv_mconsumototal_avg6	0.000135035366303736	4.81410606015958e-05	0.000149164677804296
mpagomiscuentas_delta1	0.000133795018506876	0.00022941260050273	0.000596658711217184
ccajas_otras_tend6	0.000133076722978122	0.00226062609025116	0.000298329355608592
cpagomiscuentas_delta1	0.000132783949861705	0.000230957440436125	0.000298329355608592
Visa_mconsumototal_avg6	0.000131542166563552	5.76633345217579e-05	0.000298329355608592
mforex_sell_delta1	0.000130266271439863	0.000435269985958035	0.000447494033412888
minversion2	0.000129474903640061	0.00331843781787266	0.000298329355608592
mcaja_ahorro_adicional_tend6	0.000127244051652977	0.000767661594304359	0.000149164677804296
Master_msaldototal_avg6	0.000126627657484742	0.000684608478200099	0.00104415274463007
varnueva_04_delta1	0.000125356990643491	0.000292820704855546	0.00074582338902148
tmobile_app_lag1	0.000122030463079325	8.26926165922435e-05	0.000447494033412888
mvr_mconsumospesos_delta1	0.000121935184965472	0.00150237729302128	0.000894988066825776
mvr_mconsumototal_tend6	0.000120145196273587	0.000112692589787004	0.000298329355608592
Visa_mpagado	0.000119999073167206	0.000141572360510376	0.000298329355608592
internet_lag1	0.000119154176497203	0.000366284091609481	0.000596658711217184
ccajas_depositos_avg6	0.000118469869457603	0.00272701956935551	0.000298329355608592
Master_Finiciomora_lag1	0.000116330579772678	0.00127024214712412	0.000149164677804296
matm_other_lag1	0.000115852652919695	8.95133558257309e-05	0.000298329355608592
Master_msaldototal	0.000115799266320928	8.27877176905055e-05	0.000447494033412888
mv_Fvencimiento_delta1	0.000115731248301989	0.000211484937653622	0.000298329355608592
catm_trx_lag1	0.000114128114201346	0.00033821931518168	0.000298329355608592
mtarjeta_visa_consumo_delta1	0.000114052919103242	5.72707660347463e-05	0.000447494033412888
mv_mconsumospesos_delta1	0.000113897468695825	0.000550776904757559	0.000298329355608592
mv_status03_tend6	0.000113011468446589	0.00165026502995229	0.000298329355608592
mtarjeta_visa_descuentos_avg6	0.000112579736592241	0.00164188396921127	0.000447494033412888
cforex_sell_avg6	0.000112443297587794	0.000114447536797955	0.000149164677804296
Visa_msaldodolares_avg6	0.000112383565244952	0.00014118974446388	0.000298329355608592
mvr_msaldodolares_tend6	0.000111947947303287	0.000133158124967638	0.000298329355608592
Master_mconsumospesos_lag1	0.000111289649773276	0.000736090241334828	0.000447494033412888
mpayroll_sobre_edad_lag1	0.000111127038368774	0.000809846672170617	0.00119331742243437
cforex_sell_tend6	0.000109727968242353	0.000388723527492414	0.000596658711217184
mv_status05_avg6	0.000109404073057261	1.83456653507712e-05	0.000149164677804296
mv_msaldodolares_delta1	0.000108990914210978	0.00140075402874129	0.000298329355608592
Visa_msaldodolares_tend6	0.000108884485204671	0.000422243347149591	0.000298329355608592
minversion1_pesos_avg6	0.000107971735951563	0.00137947792257198	0.000149164677804296
mv_mconsumototal_tend6	0.000107712858920603	5.74222642959311e-05	0.000298329355608592
ccajas_extracciones_tend6	0.000106823755429939	0.000676002934634114	0.000596658711217184
mvr_mpagospesos_lag1	0.000106256921094939	6.02177942541438e-05	0.000447494033412888
Master_msaldopesos_delta1	0.000104838085031031	0.000307208616361205	0.000298329355608592
Master_mconsumototal_tend6	0.000104819601914665	6.47174031940044e-05	0.000298329355608592
ctarjeta_debito_lag1	0.000104444039925959	0.000108461696741069	0.000298329355608592
Master_mpagospesos	0.000103203328759191	0.000616740574669486	0.00074582338902148
varnueva_05_lag1	0.000101959800351987	0.000137372430612713	0.000447494033412888
Master_mconsumototal_avg6	0.00010145610898211	9.15502886512958e-05	0.000149164677804296
Visa_mlimitecompra_delta1	0.000101000121927075	0.000112254682404309	0.000298329355608592
ctarjeta_debito	0.000100148475173752	0.000283088323857828	0.000298329355608592
Master_Finiciomora_avg6	9.9980137062526e-05	0.00146293466543049	0.000149164677804296
tpaquete9	9.87437362027488e-05	0.000539641229647115	0.000149164677804296
Master_mconsumospesos_delta1	9.77877780841159e-05	0.000119806373102345	0.000298329355608592
cseguro_accidentes_personales_lag1	9.7538482125373e-05	5.12550686563138e-05	0.000298329355608592
cforex_tend6	9.6899156184653e-05	0.000622733049686715	0.00074582338902148
mvr_mpagosdolares_avg6	9.52521987675306e-05	0.0011789672093271	0.000298329355608592
ctransferencias_emitidas_delta1	9.48738463330304e-05	0.000540392085992696	0.000447494033412888
tpaquete9_lag1	9.41444121854965e-05	0.000432043183577472	0.000149164677804296
cprestamos_hipotecarios_avg6	9.25639999405884e-05	0.00134346004034534	0.000149164677804296
mvr_mpagado	9.1077896973685e-05	0.00339171653156369	0.00149164677804296
mcaja_ahorro_adicional_lag1	9.06724739066673e-05	0.00199776776048175	0.000298329355608592
cextraccion_autoservicio_delta1	8.95592744613743e-05	0.000419337234518981	0.000298329355608592
Master_msaldopesos_lag1	8.94993071900332e-05	0.00154120508095355	0.000447494033412888
ccajas_otras	8.87735518603013e-05	0.00119201264718985	0.000149164677804296
Master_mpagominimo_delta1	8.79504923961046e-05	3.79143750582605e-05	0.000149164677804296
mvr_msaldodolares2_delta1	8.72233017379479e-05	0.00123438018646556	0.000298329355608592
cmobile_app_trx	8.51187309932675e-05	0.000167857861739299	0.000447494033412888
Visa_mpagosdolares_avg6	8.48991214225464e-05	0.000227260661697872	0.000447494033412888
Visa_status_tend6	8.4751113140288e-05	7.37741240633725e-05	0.000298329355608592
ccajas_depositos_tend6	8.37145410531059e-05	1.93641317635536e-05	0.000149164677804296
Master_Finiciomora	8.3494436386563e-05	0.000610246054319571	0.000149164677804296
mv_status02	8.33279735544835e-05	0.000642861307716536	0.000149164677804296
cextraccion_autoservicio	8.28695262327814e-05	5.64701474865872e-05	0.000298329355608592
mtarjeta_master_consumo_avg6	8.12407048875326e-05	0.000111449640549254	0.000149164677804296
cpagomiscuentas_lag1	8.09040369627761e-05	0.000114455277585022	0.000447494033412888
cseguro_accidentes_personales_avg6	7.92129694187353e-05	8.04256718080915e-05	0.000149164677804296
mcomisiones_mantenimiento_delta1	7.90503788444804e-05	0.000483305993020853	0.000149164677804296
ccuenta_debitos_automaticos_lag1	7.85682661499363e-05	0.00136808790731502	0.000298329355608592
cextraccion_autoservicio_tend6	7.78133971460295e-05	0.000374352203387614	0.000596658711217184
mv_mconsumospesos_tend6	7.74954460560577e-05	2.80448715467696e-05	0.000149164677804296
ctransferencias_recibidas_delta1	7.67992313860733e-05	0.000219671372891221	0.000447494033412888
catm_trx_other_tend6	7.47074978675558e-05	9.56318950894933e-05	0.000149164677804296
cforex_buy_avg6	7.40968317450343e-05	0.00158764759170712	0.000149164677804296
Master_mfinanciacion_limite_delta1	7.33934034784527e-05	0.00137286729041604	0.000447494033412888
mvr_msaldodolares_delta1	7.31389845177628e-05	0.000611247933331494	0.000149164677804296
ccajas_otras_avg6	7.30820125415703e-05	0.000585672372859364	0.000149164677804296
mttarjeta_master_debitos_automaticos_avg6	7.28932565680153e-05	9.7907686487437e-05	0.000149164677804296
Master_mconsumosdolares_avg6	7.20247623815193e-05	0.000201066944087039	0.000447494033412888
matm_other	7.1720117337497e-05	0.000744807473399935	0.000298329355608592
Master_mconsumosdolares_delta1	7.13144153534246e-05	7.29381190600462e-05	0.000298329355608592
thomebanking_lag1	7.10753366235415e-05	2.32090912828201e-05	0.000149164677804296
active_quarter_tend6	6.94428369790967e-05	0.000854497743631343	0.000149164677804296
catm_trx_delta1	6.92042561109339e-05	0.000149887071647955	0.000149164677804296
Master_mpagospesos_delta1	6.88470679856059e-05	0.000232856144921193	0.000298329355608592
Master_mconsumospesos_avg6	6.84403315555146e-05	0.000667332147291413	0.000149164677804296
thomebanking_delta1	6.80354911488081e-05	0.000327325816123787	0.000298329355608592
catm_trx_other	6.79469505907011e-05	0.0012332013751778	0.000149164677804296
Master_mconsumosdolares_tend6	6.71707578927242e-05	6.0068507646407e-05	0.000298329355608592
cplazo_fijo_avg6	6.68920797947884e-05	0.00148789870372426	0.000298329355608592
mvr_msaldopesos_delta1	6.63327366190991e-05	0.000214848862547959	0.000447494033412888
cforex_buy_tend6	6.59075706894458e-05	0.0016497718312334	0.000149164677804296
Master_mconsumosdolares_lag1	6.58844422466396e-05	2.0477699274598e-05	0.000149164677804296
mttarjeta_master_debitos_automaticos	6.56249622498182e-05	0.000109570840945218	0.000149164677804296
Visa_mconsumototal_delta1	6.55018493440843e-05	6.01326455963976e-05	0.000298329355608592
mplazo_fijo_dolares_lag1	6.38252656433422e-05	0.000965366825150509	0.000447494033412888
ctarjeta_debito_trx_delta1	6.32556562148344e-05	0.00127025984035171	0.00074582338902148
mv_mconsumototal_delta1	6.29440100768048e-05	5.03405499555851e-05	0.000149164677804296
mvr_mconsumosdolares_delta1	6.25491559464379e-05	2.85546576665228e-05	0.000149164677804296
Visa_mlimitecompra_tend6	6.07984860567823e-05	7.21175956308556e-05	0.000149164677804296
ctarjeta_visa_avg6	5.99469157114034e-05	0.00145110895444428	0.000149164677804296
ctarjeta_master_trx	5.9803545427509e-05	0.000283516278800007	0.000447494033412888
ccallcenter_trx_lag1	5.97996260873522e-05	0.000339859256213337	0.000298329355608592
mvr_mpagospesos_delta1	5.97877061022615e-05	0.000175835295726066	0.000298329355608592
mvr_mconsumosdolares	5.9751528237021e-05	0.000147112552397498	0.000447494033412888
tpaquete9_avg6	5.94578108255876e-05	0.000101283775475738	0.000149164677804296
Visa_mpagosdolares	5.82587164040512e-05	9.25621201037343e-05	0.000149164677804296
Master_cconsumos_lag1	5.80880982417281e-05	0.000150880104046086	0.000298329355608592
Master_msaldototal_delta1	5.78087676024427e-05	6.11898159445192e-05	0.000298329355608592
minversion2_lag1	5.77511906345844e-05	0.00163417746277188	0.000149164677804296
Visa_Finiciomora_avg6	5.76432984679993e-05	0.00118514435740723	0.000149164677804296
ccomisiones_mantenimiento_lag1	5.76294097593909e-05	3.67034947955061e-05	0.000298329355608592
Visa_mpagosdolares_lag1	5.69580747869651e-05	0.000179664773671196	0.000149164677804296
mv_msaldodolares_tend6	5.68188394591889e-05	0.000160798263933432	0.000149164677804296
mv_Finiciomora	5.66456886846668e-05	0.00119462129243171	0.000149164677804296
Master_mpagosdolares_avg6	5.66331481011122e-05	0.000907341885290011	0.000149164677804296
Visa_fultimo_cierre_delta1	5.55553715172183e-05	4.71436048965689e-05	0.000298329355608592
mextraccion_autoservicio_lag1	5.40394092664221e-05	0.000196520890424771	0.00119331742243437
mv_mconsumosdolares_tend6	5.40232093795246e-05	0.000105303455617392	0.000298329355608592
Master_mlimitecompra_delta1	5.38013548904429e-05	2.13590431736073e-05	0.000149164677804296
ccheques_emitidos_avg6	5.36692998350328e-05	0.00146677409581613	0.000149164677804296
ccajas_consultas_delta1	5.34470709584833e-05	0.000893258076133445	0.000149164677804296
Visa_mfinanciacion_limite_tend6	5.32443637931663e-05	0.000324972616855165	0.000149164677804296
mvr_mconsumosdolares_lag1	5.23829468493192e-05	0.000129787565112957	0.000149164677804296
mvr_msaldodolares_lag1	5.1862777922077e-05	0.000339618185987511	0.000298329355608592
mvr_mpagosdolares	5.14142559171898e-05	0.000413195472894015	0.000298329355608592
Master_mpagado_lag1	5.05854724261589e-05	9.56540116239728e-05	0.000149164677804296
Master_mpagosdolares_tend6	5.02784844932842e-05	3.80548150522055e-05	0.000298329355608592
mtarjeta_visa_descuentos_tend6	4.81805285676062e-05	0.000406383580274319	0.000298329355608592
Visa_status	4.52763497201789e-05	0.000602927693060294	0.000149164677804296
mv_msaldodolares_lag1	4.43508496752344e-05	4.39931045599597e-05	0.000149164677804296
mv_status03_avg6	4.35926591338656e-05	0.000364132152804623	0.000447494033412888
ctarjeta_debito_delta1	4.24531446241847e-05	0.00162623320358683	0.000149164677804296
ctransferencias_emitidas	4.22942378887779e-05	0.000500067008676166	0.000596658711217184
ctarjeta_master_avg6	4.10158551341016e-05	0.00146566937491888	0.000298329355608592
mv_mpagosdolares	4.04335823852956e-05	6.15359397091239e-05	0.000149164677804296
ccajas_extracciones	3.96164806663518e-05	0.000124312617002549	0.000149164677804296
mv_mlimitecompra_tend6	3.95057534605187e-05	0.000621586307373951	0.000298329355608592
ccajeros_propios_descuentos_avg6	3.90527214155776e-05	0.0015972815541264	0.000149164677804296
mv_mconsumototal	3.81858178583825e-05	5.5018196998006e-05	0.000298329355608592
Visa_Fvencimiento_delta1	3.64645110101751e-05	7.17460378515995e-05	0.000447494033412888
Master_status_tend6	3.52740907836099e-05	0.000319040962307755	0.000298329355608592
Visa_msaldodolares_lag1	3.38383258910539e-05	0.000146966583269933	0.000298329355608592
mvr_Master_mlimitecompra_delta1	3.33805800703452e-05	6.41379499906407e-05	0.000149164677804296
mvr_mpagosdolares_lag1	3.18459517424153e-05	9.24902413666758e-05	0.000149164677804296
mforex_sell_lag1	3.03399366339101e-05	7.3043172598824e-05	0.000149164677804296
mcuenta_debitos_automaticos_delta1	2.829700531905e-05	0.000104395571877008	0.000149164677804296
active_quarter_avg6	2.47763540367883e-05	1.89627166627501e-05	0.000149164677804296
mvr_msaldodolares	2.46790269107927e-05	0.000309091839272137	0.000298329355608592
cpagomiscuentas	2.4667562592191e-05	5.15624884855792e-05	0.000298329355608592
cforex_delta1	2.4462250311555e-05	0.000114848951898758	0.000149164677804296
mpayroll_lag1	2.21001267644858e-05	0.00154751713989401	0.000894988066825776
mttarjeta_master_debitos_automaticos_tend6	2.16106885764341e-05	0.000479354874136085	0.000447494033412888
mcheques_depositados_delta1	1.72756498892581e-05	0.000376767328952779	0.000298329355608592
mv_fechaalta_delta1	1.60039032938418e-05	4.85480048360191e-05	0.000149164677804296
Visa_mpagado_lag1	1.54479010052596e-05	0.000670791173284012	0.000447494033412888
mvr_mconsumototal_delta1	1.21951807496527e-05	6.06435375428748e-05	0.000298329355608592
mvr_msaldodolares2	1.21364194100342e-05	6.23918495934817e-05	0.000149164677804296
matm_other_tend6	1.10300534625895e-05	7.73249336740613e-05	0.000298329355608592
catm_trx	1.09158201280795e-05	1.75262477483046e-05	0.000149164677804296
Visa_mconsumototal	1.08613387137861e-05	6.39001972449858e-05	0.000298329355608592
mv_mpagado_delta1	1.01476264084086e-05	0.000399187965781404	0.000149164677804296
varnueva_01_delta1	9.63570493483641e-06	0.000193525205829519	0.000149164677804296
mvr_mpagosdolares_tend6	7.36141105528321e-06	0.0003448432172583	0.000149164677804296
ccheques_depositados_avg6	7.00761599587393e-06	0.000300945213796602	0.000149164677804296
cpayroll_trx_tend6	6.91923931724986e-06	8.95188849593508e-05	0.000149164677804296
ctarjeta_master_debitos_automaticos_tend6	6.73018186076429e-06	7.20567751610369e-05	0.000149164677804296
mvr_mpagosdolares_delta1	6.71758042744391e-06	0.000334925057370954	0.000149164677804296
mvr_msaldodolares2_lag1	5.83365598499179e-06	0.000513195383543216	0.000149164677804296
mcheques_depositados	4.71893356686686e-06	0.000528434781626337	0.000149164677804296
Master_mpagado_tend6	4.70024750270239e-06	4.82615957145092e-05	0.000149164677804296
Master_mconsumototal_delta1	3.53602137992665e-06	2.90058349699053e-05	0.000149164677804296
ctarjeta_master_trx_avg6	3.18830853120033e-06	2.53256436325113e-05	0.000149164677804296
ctarjeta_master_trx_lag1	2.10522138367295e-06	5.92236560292889e-05	0.000298329355608592
ctarjeta_visa_descuentos_tend6	1.86471566167722e-06	0.000320333673748083	0.000149164677804296
Visa_mpagosdolares_delta1	1.80416720592522e-06	0.000170946435779365	0.000149164677804296
matm_other_delta1	1.54073456735565e-06	5.23221914449511e-05	0.000149164677804296
mttarjeta_master_debitos_automaticos_lag1	1.2836239947249e-06	5.35706698163207e-05	0.000149164677804296
ctarjeta_master_trx_delta1	1.09436557843036e-06	0.000326022046416219	0.000149164677804296
mv_status02_delta1	9.10134187963733e-07	0.000462244417235996	0.000596658711217184
mv_status04_avg6	7.59208525700056e-07	1.80271872542659e-05	0.000149164677804296
Master_cconsumos	6.62958587497703e-07	2.16852620571804e-05	0.000149164677804296
Visa_mfinanciacion_limite_delta1	6.00167636363371e-07	4.04942688052978e-05	0.000149164677804296
Master_status_delta1	5.18919942136899e-07	5.69732986459966e-05	0.000298329355608592
mv_status04_lag1	4.91267429446195e-07	2.41755838395757e-05	0.000149164677804296
mv_status07_avg6	2.41972486306576e-07	5.80260456872223e-05	0.000149164677804296
Visa_mpagado_delta1	1.64069022604406e-07	6.36292696976115e-05	0.000149164677804296
mv_status04	7.92624976275177e-08	1.84308140085174e-05	0.000149164677804296
mv_status03	2.84381791094653e-08	6.88543009684008e-05	0.000149164677804296
Visa_madelantopesos_delta1	2.53947319379577e-08	2.20734072372962e-05	0.000149164677804296
mv_mconsumototal_lag1	1.44289669552295e-08	4.64978020897666e-05	0.000149164677804296
ctarjeta_master	8.67163792044496e-09	0.000258449398620907	0.000149164677804296
Master_fechaalta_delta1	6.08214113032914e-09	2.78966907657568e-05	0.000149164677804296
mv_status07	1.17423986767418e-09	5.80769137165252e-05	0.000149164677804296
mv_mconsumosdolares	7.58609193203634e-11	1.81742622085548e-05	0.000149164677804296
ccajas_extracciones_lag1	1.94878504690562e-13	0.000135715902180196	0.000149164677804296
mv_msaldodolares	3.36961457248426e-14	9.2012524221918e-05	0.000149164677804296
cpayroll_trx_lag1	3.06326274465739e-14	1.83478770042192e-05	0.000149164677804296
ccajas_trx_lag1	2.88268291169081e-14	7.69235185732578e-05	0.000149164677804296
ctarjeta_visa_debitos_automaticos_lag1	6.71665975698009e-15	2.23598163588061e-05	0.000149164677804296
