Feature	Gain	Cover	Frequency
ctrx_quarter	0.113159666909039	0.0123479138570166	0.00459558823529412
ctarjeta_visa_tend6	0.110022649895086	0.00614332341012122	0.00130208333333333
mdescubierto_preacordado	0.0672579871410935	0.00226206303991088	0.00160845588235294
mcuenta_corriente	0.0397979737996036	0.00428302558654122	0.00689338235294118
mprestamos_personales	0.0186379373721649	0.00947672303145255	0.00306372549019608
cpayroll_trx	0.0172394508861739	0.00554908314222813	0.000689338235294118
mprestamos_personales_tend6	0.0168502027734882	0.00638827289930292	0.00359987745098039
ctarjeta_visa_avg6	0.016762459915662	0.00220694048167448	0.000459558823529412
mpayroll	0.0142273629268254	0.00851638544932223	0.00222120098039216
Visa_msaldototal_avg6	0.0135729845257781	0.00324010447826556	0.00344669117647059
mcuentas_saldo	0.0114188631669626	0.00977544600032711	0.00742953431372549
Master_status	0.00991630149136023	0.000766399082949874	0.000306372549019608
Visa_msaldototal	0.00936490872578245	0.00250650263363458	0.00344669117647059
mpayroll_lag1	0.00877425045745699	0.00289701440955367	0.00145526960784314
foto_mes	0.00865538566580122	0.0053065506528249	0.00742953431372549
mcaja_ahorro	0.00754304692554162	0.00528661088119033	0.00451899509803922
mcaja_ahorro_lag1	0.00637998067827392	0.00353976003163666	0.00291053921568627
mrentabilidad_avg6	0.00594872937748749	0.00485021613865644	0.00528492647058824
mpasivos_margen	0.00564352446571758	0.00412811267487222	0.0037530637254902
mdescubierto_preacordado_tend6	0.00494178797949486	0.00477150686491626	0.00183823529411765
Visa_msaldopesos_avg6	0.00485006595149549	0.00271509657666106	0.00222120098039216
cliente_edad_avg6	0.00439968490459606	0.00639012996715322	0.00972732843137255
mdescubierto_preacordado_avg6	0.0043601929699452	0.00275859399499293	0.00206801470588235
Visa_mpagominimo	0.00420671991473977	0.00360074972340471	0.00444240196078431
Visa_status_tend6	0.0040576705918821	0.00187095606826558	0.000995710784313725
mactivos_margen_tend6	0.00403345422759023	0.00335370775669397	0.00612745098039216
Master_fechaalta	0.00382515272728466	0.00268691317743033	0.00528492647058824
numero_de_cliente	0.00376699226727039	0.00500169940769815	0.00842524509803921
mprestamos_personales_avg6	0.00372920461968661	0.00284821407845863	0.00260416666666667
ctrx_quarter_delta1	0.00365880929733758	0.00431018919485596	0.00719975490196078
mtarjeta_visa_consumo	0.00364473235322139	0.0027065088887652	0.00291053921568627
ctarjeta_visa_trx	0.00364273851857774	0.00440356820857651	0.00329350490196078
mactivos_margen	0.00359887978917008	0.0036485664804574	0.0037530637254902
mcuenta_corriente_avg6	0.00358951802441385	0.00543943465109497	0.0079656862745098
cprestamos_personales	0.00355228322978025	0.000907538622261396	0.000612745098039216
cliente_edad_lag1	0.00352764384568366	0.0040177989369546	0.00704656862745098
mcuenta_corriente_tend6	0.00348888113002394	0.00402978481598222	0.00589767156862745
mcomisiones_otras_avg6	0.0034488072486082	0.00274460665715822	0.00513174019607843
mtarjeta_visa_debitos_automaticos_tend6	0.0034244211691681	0.0036858517518823	0.00306372549019608
ctrx_quarter_tend6	0.00336805702666384	0.00327337348901756	0.00628063725490196
mcaja_ahorro_dolares_delta1	0.00328905836831359	0.00523425653109926	0.00367647058823529
Visa_fultimo_cierre_avg6	0.00309522508029736	0.00309139322967168	0.00674019607843137
Visa_mpagominimo_lag1	0.00308156424533424	0.00149332272669452	0.00367647058823529
mcuentas_saldo_tend6	0.00305585845390687	0.00243062161180395	0.00474877450980392
mrentabilidad_annual	0.00304091261672553	0.00229273396651614	0.00513174019607843
cliente_edad	0.00302895548088944	0.0049592017656942	0.00735294117647059
cpayroll_trx_lag1	0.0029356661792121	0.00229225409294025	0.000612745098039216
Visa_fechaalta_avg6	0.002909798868562	0.00195234110181572	0.00513174019607843
mcaja_ahorro_delta1	0.0029008788334203	0.00473608485633321	0.00413602941176471
Master_Fvencimiento_lag1	0.00272579887077674	0.00129534175726155	0.00635723039215686
mrentabilidad_annual_tend6	0.00271949484750838	0.00477789866657806	0.00651041666666667
Visa_msaldopesos_delta1	0.00271824959823291	0.00116995894067778	0.00245098039215686
mrentabilidad_annual_delta1	0.00268836824170625	0.00414122699543679	0.00674019607843137
mcomisiones_otras_tend6	0.00268598707419562	0.00182738478657298	0.00451899509803922
ccomisiones_mantenimiento_delta1	0.00265677267728968	0.00138130155379933	0.00076593137254902
Master_Fvencimiento_avg6	0.00265143166010733	0.00231493109776243	0.00635723039215686
Visa_mpagominimo_avg6	0.00265021187580672	0.00353857535863798	0.0039828431372549
mcuentas_saldo_delta1	0.00263305427488009	0.00443840407565177	0.00628063725490196
Master_fechaalta_tend6	0.00263180589047055	0.00177288029787772	0.00183823529411765
cproductos_tend6	0.0026186524822005	0.00308645534487189	0.00260416666666667
mcaja_ahorro_avg6	0.00261696587143883	0.00313420538663102	0.00490196078431373
Master_fultimo_cierre_avg6	0.00260320640348634	0.00496352682286877	0.00528492647058824
Visa_Fvencimiento_avg6	0.00260313226895571	0.00248623166822122	0.00628063725490196
Visa_Fvencimiento	0.00256555660306035	0.00251212816249595	0.00589767156862745
mactivos_margen_avg6	0.00256357518767752	0.00312898205568232	0.00390625
mes	0.00254911659179326	0.00315744613568386	0.00421262254901961
mrentabilidad_annual_lag1	0.00254908456524338	0.00327316190622938	0.00589767156862745
mcuentas_saldo_lag1	0.00254480232692067	0.0042254116886278	0.00543811274509804
Visa_fechaalta	0.0025365362485008	0.00149754723439092	0.00543811274509804
mpasivos_margen_lag1	0.00253220422374106	0.00164192770735649	0.00482536764705882
Visa_Finiciomora	0.00251820896191291	0.00478064209475721	0.00137867647058824
mcomisiones_mantenimiento_tend6	0.00250557599655053	0.00411478724805728	0.0040594362745098
ccallcenter_trx_tend6	0.00248051345211721	0.00238190753405274	0.00260416666666667
Master_fechaalta_avg6	0.00247241778372108	0.00171745847389588	0.00551470588235294
mcuenta_corriente_lag1	0.00247083100190492	0.00261223731972425	0.00474877450980392
mcomisiones_otras	0.00244478593464339	0.00129014368281684	0.00329350490196078
mrentabilidad_annual_avg6	0.00233766733125428	0.00426394072373996	0.00551470588235294
mtransferencias_recibidas	0.00230435200608945	0.00334636144979632	0.00329350490196078
mactivos_margen_delta1	0.00229107059077072	0.00304267676923141	0.00428921568627451
Visa_fechaalta_lag1	0.00225149592701169	0.00143739338994373	0.00513174019607843
ccomisiones_mantenimiento_tend6	0.00224756511542107	0.00443142994478467	0.00206801470588235
chomebanking_trx_avg6	0.00223683291645302	0.00283758966795765	0.00428921568627451
Master_Fvencimiento	0.00223489823554516	0.00136629251889738	0.00474877450980392
ctarjeta_visa_trx_tend6	0.00219666592294852	0.00337309569754316	0.00337009803921569
cproductos_avg6	0.00218288525105021	0.0016466540093681	0.00474877450980392
chomebanking_trx_tend6	0.0021679390713477	0.00136991420626259	0.0039828431372549
mcomisiones_lag1	0.00214850751613733	0.00148835005463451	0.00520833333333333
Visa_mconsumospesos_avg6	0.0021292632831389	0.00246287607355588	0.00482536764705882
tcallcenter_tend6	0.00210691642485726	0.00338623098577142	0.00237438725490196
cliente_antiguedad_avg6	0.00210099592534175	0.00259778774021266	0.00505514705882353
mcuentas_saldo_avg6	0.00207285950978675	0.00330410541246266	0.0039828431372549
mrentabilidad	0.00204479745123725	0.00192175499894085	0.0039828431372549
Master_fechaalta_lag1	0.00201718200835056	0.00247683767834879	0.0040594362745098
mcomisiones_avg6	0.00199200232372178	0.00253650211846385	0.00459558823529412
ccomisiones_otras_tend6	0.00199039154247892	0.00302716641655206	0.00459558823529412
chomebanking_trx	0.00198506690362698	0.00335051828912352	0.0039828431372549
cliente_antiguedad	0.00197980911581399	0.0018775189470016	0.00451899509803922
cprestamos_personales_avg6	0.00195586486616358	0.00171360328300317	0.00168504901960784
ctransferencias_recibidas_tend6	0.00193524511398874	0.00470172981590946	0.00520833333333333
mpayroll_avg6	0.00193006026966681	0.00240969397728674	0.00168504901960784
Visa_mlimitecompra_avg6	0.00190528977739376	0.00191063832488088	0.00390625
ctarjeta_debito_trx	0.00190415789730304	0.00122258920616153	0.000995710784313725
Visa_mlimitecompra	0.00189663102220288	0.00209119897808716	0.0038296568627451
ctransferencias_recibidas_avg6	0.00187796497561118	0.00240899060747739	0.00459558823529412
Master_mfinanciacion_limite	0.00187619561197791	0.00245916479708215	0.00451899509803922
mrentabilidad_tend6	0.00187352152248348	0.00259624185155309	0.00444240196078431
mcomisiones_tend6	0.00187174194999821	0.0010976462339775	0.00337009803921569
Visa_status_avg6	0.00185744781754387	0.00368888491505067	0.00145526960784314
ccomisiones_otras_avg6	0.00185087302021935	0.00260946386966299	0.00428921568627451
ctransferencias_emitidas_avg6	0.00184664087439027	0.00228280482468172	0.00298713235294118
Visa_msaldopesos	0.00183036363279406	0.002201913484304	0.00229779411764706
Visa_cconsumos_avg6	0.00181497255331237	0.00294049991444026	0.00390625
cmobile_app_trx_avg6	0.00180712995234813	0.00347101421045331	0.00497855392156863
mcaja_ahorro_dolares_tend6	0.00180137424649229	0.00113553813803608	0.00260416666666667
cprestamos_personales_tend6	0.0017969591185552	0.00147786098087191	0.000919117647058824
mcomisiones_mantenimiento	0.00179436703215513	0.00493335340173841	0.00283394607843137
Visa_cconsumos_tend6	0.00175357057157871	0.00138781916144329	0.00444240196078431
mpasivos_margen_tend6	0.00171183854061707	0.00560753765284053	0.00444240196078431
cmobile_app_trx_tend6	0.00170607044540955	0.00206084256643729	0.00413602941176471
mcomisiones	0.00170298143042674	0.00170532439160898	0.00306372549019608
mcaja_ahorro_tend6	0.00169791163266003	0.0019298661490255	0.00428921568627451
chomebanking_trx_lag1	0.00169515501645632	0.000845679725525696	0.0037530637254902
mtransferencias_recibidas_lag1	0.00168045307873412	0.00351247728886911	0.00390625
Master_mfinanciacion_limite_avg6	0.00167057611234081	0.00111286446897858	0.00413602941176471
chomebanking_trx_delta1	0.00166950334542417	0.00354286658162795	0.00359987745098039
ctrx_quarter_lag1	0.00166820916929235	0.00179149767708618	0.0038296568627451
Visa_msaldopesos_tend6	0.00165157401436675	0.0023662146673917	0.00359987745098039
mpasivos_margen_avg6	0.00165101630876003	0.00211643975633366	0.0040594362745098
Visa_mconsumosdolares_avg6	0.0016471421549255	0.00161801075114954	0.00298713235294118
mdescubierto_preacordado_delta1	0.00164504510176967	0.00363375282605805	0.000612745098039216
thomebanking_avg6	0.00163645245644451	0.00153483727119393	0.00252757352941177
ccaja_ahorro	0.00163614076462774	0.00259056247391906	0.00153186274509804
Visa_Fvencimiento_tend6	0.00162427201011387	0.0019939819288351	0.00390625
mactivos_margen_lag1	0.00161097548514515	0.00187210214170155	0.0037530637254902
Visa_mfinanciacion_limite	0.00160996182484716	0.00188626341583736	0.00329350490196078
ctrx_quarter_avg6	0.00159821639250345	0.00228475767663207	0.0037530637254902
mcaja_ahorro_dolares_avg6	0.001590916982606	0.00170894846166325	0.0037530637254902
mprestamos_personales_delta1	0.00154501229715569	0.00570745571840653	0.00222120098039216
Master_fultimo_cierre_tend6	0.00152829323642237	0.00439801225423558	0.00367647058823529
Visa_mlimitecompra_lag1	0.00152323834693106	0.00168824241722825	0.00367647058823529
mpasivos_margen_delta1	0.00152119033985846	0.00145939609376304	0.00367647058823529
mrentabilidad_lag1	0.00151946314812136	0.000874811911538557	0.0040594362745098
cproductos	0.00151894965642705	0.00281046799497029	0.00252757352941177
Visa_mfinanciacion_limite_avg6	0.00151666677569718	0.00188418904674515	0.00344669117647059
Master_mlimitecompra	0.0014871459165682	0.00146367111446743	0.00329350490196078
ccallcenter_trx_avg6	0.00148698383644655	0.00275804931227471	0.00359987745098039
mpayroll_delta1	0.00143120054595046	0.00478158802231247	0.00237438725490196
mtransferencias_emitidas_avg6	0.00141404511569035	0.00189649372956847	0.00291053921568627
mcuenta_debitos_automaticos	0.00140534830869062	0.0026289842880237	0.00222120098039216
ccomisiones_mantenimiento_avg6	0.00139827026580779	0.00362812682065887	0.00268075980392157
Visa_Fvencimiento_lag1	0.00139362018390942	0.00178707254697126	0.00359987745098039
mcomisiones_otras_lag1	0.0013836211199821	0.000789749912237104	0.00321691176470588
Visa_mpagospesos_tend6	0.00138165590798167	0.00202448177836614	0.00359987745098039
mcuenta_corriente_delta1	0.00136978004881643	0.0025794972659427	0.00260416666666667
Visa_mconsumospesos_tend6	0.00131968592861727	0.00131636803510569	0.00337009803921569
cliente_antiguedad_lag1	0.00128885293844531	0.00210159179121189	0.00344669117647059
cpayroll_trx_avg6	0.00126407579732809	0.00278920821359866	0.00122549019607843
mcaja_ahorro_dolares	0.00126304905239319	0.00310911376471943	0.00260416666666667
Visa_mpagospesos_avg6	0.00124577066768154	0.00193369798956546	0.00314031862745098
ctarjeta_debito_avg6	0.00123428264287363	0.00146031438212525	0.00291053921568627
Master_mlimitecompra_lag1	0.0012284020171666	0.00129654596831049	0.00252757352941177
Visa_msaldototal_lag1	0.00122532503303543	0.00154217118810849	0.00283394607843137
ctarjeta_visa_trx_lag1	0.00120481108139249	0.00253960819191733	0.00298713235294118
mtarjeta_visa_consumo_avg6	0.00117123614074132	0.00169351912041181	0.00229779411764706
internet_avg6	0.00116661068226458	0.00123702448953878	0.00191482843137255
mautoservicio_avg6	0.00116615848055658	0.00225951165646964	0.00252757352941177
Visa_mconsumospesos	0.00115989834056116	0.000627089448833408	0.00275735294117647
mpagomiscuentas_avg6	0.00115457569169173	0.00222679638265428	0.00252757352941177
Visa_mpagospesos_lag1	0.00113728961705179	0.0024992911869375	0.00268075980392157
ctarjeta_visa_debitos_automaticos_tend6	0.00113666967337978	0.00303149099718882	0.00237438725490196
mcomisiones_mantenimiento_avg6	0.00113581989635622	0.00230568054577117	0.00283394607843137
ccomisiones_mantenimiento	0.00112250928807192	0.00221803618807075	0.00130208333333333
ctransferencias_emitidas_tend6	0.00111899874915142	0.00271998537806629	0.00344669117647059
mtarjeta_visa_consumo_tend6	0.00111744266149414	0.000694187878803391	0.00206801470588235
Master_mfinanciacion_limite_lag1	0.00111565716331049	0.00390386541782302	0.00306372549019608
Visa_delinquency_tend6	0.0011120043117557	0.00210012977320709	0.00122549019607843
thomebanking	0.00108652232801121	0.00154203680444573	0.00114889705882353
mtransferencias_recibidas_avg6	0.00108459720573872	0.00133104730584228	0.00275735294117647
mtransferencias_emitidas	0.00108270030376997	0.00348510876929555	0.00291053921568627
Visa_mconsumototal_tend6	0.00108123994176917	0.000980737689290522	0.00222120098039216
Visa_mconsumosdolares_lag1	0.00107961886604401	0.0016472363385734	0.00283394607843137
ctarjeta_visa_debitos_automaticos_avg6	0.00107806392394801	0.00321201162121895	0.00275735294117647
mtarjeta_visa_debitos_automaticos_avg6	0.00107718159348192	0.00143670860510902	0.00252757352941177
mcomisiones_delta1	0.00107625354053527	0.0018643350519166	0.00314031862745098
cpagomiscuentas_avg6	0.00106878169006987	0.000936712743601644	0.00237438725490196
thomebanking_tend6	0.00106353779566987	0.00294757030594522	0.00260416666666667
Visa_mpagospesos	0.00104330141032728	0.00194769628776983	0.00268075980392157
Visa_delinquency_avg6	0.00103510804841674	0.00277756877755979	0.00107230392156863
Master_fultimo_cierre_lag1	0.00103315294980487	0.00183529102539881	0.00260416666666667
cextraccion_autoservicio_avg6	0.00103286302242313	0.0010899067833856	0.00268075980392157
Visa_cconsumos_lag1	0.00102979609063308	0.00167216784378043	0.00237438725490196
Visa_mpagado_avg6	0.00102536995653991	0.00294166361977524	0.00214460784313726
Visa_mfinanciacion_limite_lag1	0.00101530972349199	0.00205017622060892	0.00252757352941177
cmobile_app_trx_lag1	0.00100693968907415	0.00212341102797389	0.00268075980392157
ccajas_extracciones_avg6	0.000998595280648902	0.00452922837016641	0.00214460784313726
Visa_mconsumospesos_delta1	0.000993073501600509	0.000864250880566463	0.00252757352941177
Master_status_avg6	0.000991368141081872	0.00466591180440528	0.00122549019607843
mcaja_ahorro_dolares_lag1	0.000987569114106073	0.000777285112709215	0.00245098039215686
Visa_cconsumos	0.000984987037846557	0.000888950311859425	0.00229779411764706
tcallcenter	0.0009797541881158	0.000150842325685622	0.000229779411764706
mdescubierto_preacordado_lag1	0.000975147586741183	0.000890392315276154	0.000459558823529412
ctarjeta_visa_trx_avg6	0.000971208153941594	0.00116390023894602	0.00183823529411765
ccaja_ahorro_avg6	0.000969552047641068	0.00250586645565661	0.00153186274509804
ccajas_trx_tend6	0.000964584503919003	0.00132921454142036	0.00183823529411765
mtarjeta_visa_debitos_automaticos	0.000958650837414006	0.00144987057945471	0.00214460784313726
mtarjeta_master_consumo_avg6	0.000948510950163989	0.000657136587443798	0.00114889705882353
ccaja_ahorro_delta1	0.000947619511748311	0.00329052503791872	0.000459558823529412
ccaja_seguridad	0.000941316394358338	0.0019491359084975	0.000536151960784314
ccomisiones_otras_lag1	0.000920452289375448	0.00218461325560573	0.00237438725490196
Master_fultimo_cierre	0.000920131164295907	0.000664365189502082	0.00229779411764706
Visa_mpagospesos_delta1	0.000919609519286387	0.00107687871616486	0.00222120098039216
cproductos_delta1	0.000915384947436447	0.00383611651374074	0.00107230392156863
internet_delta1	0.000914236938531345	0.000859263435834312	0.00130208333333333
Visa_msaldopesos_lag1	0.000908476613146412	0.00149700922320206	0.00206801470588235
mrentabilidad_delta1	0.000901179814768121	0.00070901487626146	0.00199142156862745
tmobile_app_avg6	0.000895462182435989	0.000749099807327233	0.00237438725490196
Visa_mconsumototal_avg6	0.000889768164399085	0.000886273598973843	0.00229779411764706
ccomisiones_otras	0.000885501451791262	0.0030557196091243	0.00168504901960784
ctarjeta_debito_trx_avg6	0.000879301158768281	0.00244477573787259	0.00214460784313726
Master_mpagospesos_tend6	0.000877764573513195	0.00511534891029424	0.00206801470588235
ccajas_trx_avg6	0.000871098235354375	0.00158874513454954	0.00222120098039216
Master_msaldopesos	0.000863038344033125	0.00373091078462151	0.00160845588235294
mcomisiones_otras_delta1	0.000860536752876375	0.0025136306862147	0.00252757352941177
mautoservicio	0.000859397213176225	0.00204512587288569	0.00229779411764706
mpagomiscuentas_tend6	0.000859365504154945	0.00312605897274834	0.00199142156862745
mtransferencias_emitidas_tend6	0.000858173113354567	0.000895090978094711	0.00222120098039216
ccuenta_debitos_automaticos_avg6	0.000843964779997881	0.00121042510199252	0.00206801470588235
internet	0.000838900705940389	0.000422971148929837	0.00130208333333333
tmobile_app	0.000837928375165901	0.000274164116235904	0.00153186274509804
mautoservicio_tend6	0.000833886785014252	0.0025420037474943	0.00229779411764706
mforex_sell_avg6	0.000827825954652669	0.00454642185439496	0.00214460784313726
Master_mlimitecompra_avg6	0.000827090211780215	0.000536959469909708	0.00206801470588235
Visa_mpagominimo_delta1	0.000820735245451268	0.00169261274549488	0.00191482843137255
mtransferencias_recibidas_tend6	0.00081659988848736	0.001510794032467	0.00199142156862745
mprestamos_personales_lag1	0.000814487400573224	0.000869961233158224	0.000842524509803922
cmobile_app_trx	0.000805001328898447	0.000632127406573548	0.00222120098039216
Visa_fultimo_cierre_tend6	0.000804275216361362	0.00155092375808703	0.00183823529411765
mcuenta_debitos_automaticos_tend6	0.000804214713436273	0.00530026464255719	0.00191482843137255
Master_mpagospesos_avg6	0.000803479894059923	0.00112347172411836	0.00160845588235294
Master_Fvencimiento_tend6	0.00079367452708981	0.000709437088762195	0.00199142156862745
Visa_fultimo_cierre_lag1	0.000781531311705362	0.000418957270945993	0.00229779411764706
Visa_msaldototal_delta1	0.00078122498509777	0.00176186369675811	0.00199142156862745
Master_mpagominimo_avg6	0.000778801662898965	0.00148982541569803	0.00168504901960784
mcuenta_debitos_automaticos_avg6	0.000775880777469919	0.00161453297820331	0.00199142156862745
mpayroll_tend6	0.000775025629091465	0.0020362865730255	0.00176164215686275
Visa_Finiciomora_delta1	0.000765032633852824	0.00196045749381629	0.000306372549019608
cextraccion_autoservicio_tend6	0.000753122355406	0.00269045432990545	0.00153186274509804
Master_mpagospesos	0.000748905160872317	0.00164833189900138	0.00137867647058824
Visa_mfinanciacion_limite_tend6	0.000748790218794249	0.00107106781409493	0.000842524509803922
mextraccion_autoservicio_avg6	0.000748186634196085	0.00086231232475045	0.00237438725490196
Visa_mconsumototal_lag1	0.000746951753561214	0.000956575792648608	0.00183823529411765
mtransferencias_recibidas_delta1	0.000736787997993084	0.00119794028787656	0.00199142156862745
Visa_cconsumos_delta1	0.000735252993415891	0.00233839963188903	0.00176164215686275
mtarjeta_visa_consumo_lag1	0.000732908889892851	0.00148652777404444	0.00168504901960784
Visa_mpagominimo_tend6	0.000732488695887883	0.000654908296638568	0.00191482843137255
ccajas_consultas_avg6	0.000714003192989341	0.00416013506271008	0.00206801470588235
Visa_fultimo_cierre	0.00070856129942679	0.00204838443843876	0.00183823529411765
ccajas_depositos_avg6	0.000700155285535188	0.00440440548551081	0.00114889705882353
ctarjeta_debito_trx_tend6	0.000696503448433084	0.00051371919739468	0.00183823529411765
mautoservicio_lag1	0.000691811477751153	0.000928445765652727	0.00168504901960784
mplazo_fijo_dolares_tend6	0.000689960567035576	0.00184249532402872	0.00076593137254902
Visa_mconsumosdolares_delta1	0.000685188112070308	0.000429955287090969	0.00160845588235294
Visa_mconsumototal	0.000682025557462085	0.000316424918947673	0.00130208333333333
mpagomiscuentas	0.000675871356482001	0.00194071977421368	0.00130208333333333
cproductos_lag1	0.000675065926118281	0.000670172279269519	0.00168504901960784
internet_tend6	0.000674274455541275	0.00156100825124791	0.00145526960784314
Visa_msaldototal_tend6	0.000671993218585305	0.00176889548870036	0.00176164215686275
Master_msaldototal_avg6	0.000664656793456271	0.000770416296698396	0.00176164215686275
ccallcenter_trx_delta1	0.000662400132804779	0.000499703267291294	0.000459558823529412
Master_msaldototal_lag1	0.000660594378344566	0.000849821315642945	0.00130208333333333
mextraccion_autoservicio_tend6	0.000660276001628763	0.00101769653231474	0.00168504901960784
ctarjeta_debito_trx_lag1	0.000649983041826674	0.00198762777366039	0.00168504901960784
mtarjeta_visa_debitos_automaticos_lag1	0.000649934525094361	0.00182981941825046	0.00168504901960784
Visa_Finiciomora_lag1	0.000649391129170395	0.00529996918911424	0.000995710784313725
mcomisiones_mantenimiento_lag1	0.000632306168546212	0.00247259744490462	0.00145526960784314
Master_cconsumos_tend6	0.000629622928901605	0.00169060413862062	0.00153186274509804
Master_msaldopesos_lag1	0.000626979278314022	0.00168500434280106	0.00137867647058824
catm_trx_avg6	0.000622028062527508	0.00104935675141608	0.00176164215686275
tpaquete7_tend6	0.000620423960447687	0.00415845383731212	0.000612745098039216
ccaja_seguridad_avg6	0.000601652839337883	0.00153896218248778	0.000536151960784314
ccajas_consultas_tend6	0.000601576071163535	0.00307816168080555	0.00160845588235294
cliente_edad_tend6	0.000593297426805114	0.000464652481663172	0.00168504901960784
Visa_Finiciomora_avg6	0.000592426652741475	0.00278299844938075	0.000842524509803922
ctarjeta_debito	0.000587640317474074	0.000884327895090662	0.00137867647058824
matm_avg6	0.000587311728218836	0.000380241433011835	0.00122549019607843
cpagomiscuentas_tend6	0.00058565141579098	0.00200483317133423	0.00145526960784314
mplazo_fijo_dolares	0.000584045505232098	0.00254026629063462	0.000612745098039216
Master_msaldototal	0.000583987073412955	0.000427015525333599	0.000919117647058824
Visa_msaldodolares_avg6	0.000575039092680976	0.00114962602534896	0.00114889705882353
mtarjeta_visa_debitos_automaticos_delta1	0.00057451919018651	0.00167839619297297	0.00145526960784314
Visa_mconsumospesos_lag1	0.000573777538004248	0.00070739560077896	0.00153186274509804
Visa_fechaalta_tend6	0.000568685378029313	0.00291417215344638	0.00122549019607843
Visa_delinquency	0.000567418537218276	0.000330754887468648	0.000306372549019608
mtransferencias_emitidas_delta1	0.000549279477081838	0.00100662131704435	0.00130208333333333
ccaja_ahorro_tend6	0.000548028341030853	0.00223379767617661	0.000459558823529412
Visa_mconsumosdolares_tend6	0.000544233380060082	0.000797897755733217	0.00137867647058824
Visa_msaldodolares_lag1	0.000541471969379256	0.000249486129144447	0.000689338235294118
Master_cconsumos_avg6	0.000540694427450673	0.00195554724820956	0.00153186274509804
mcuenta_debitos_automaticos_lag1	0.000540454261923093	0.000477683408110781	0.00122549019607843
cforex_sell_avg6	0.000540244611099516	0.000963578039246567	0.00130208333333333
Visa_mconsumosdolares	0.000535862901511905	0.000644598877630794	0.00122549019607843
Visa_mpagado_tend6	0.000527615002116941	0.00240251302900957	0.00137867647058824
mextraccion_autoservicio_lag1	0.000526070892867866	0.000947843713795948	0.00122549019607843
mtarjeta_visa_consumo_delta1	0.000513689735475516	0.000723604557889546	0.00114889705882353
ctarjeta_master_trx_tend6	0.000505223255942829	0.00126339752162472	0.000995710784313725
matm_tend6	0.000502380017115658	0.00104384702124284	0.00145526960784314
Visa_mpagosdolares_avg6	0.000501961906917781	0.00082739592278509	0.00122549019607843
Master_msaldopesos_avg6	0.00049281627179786	0.000768972863668233	0.00137867647058824
Visa_mconsumototal_delta1	0.000489139742032408	0.000473763884613557	0.00130208333333333
Master_mconsumototal_avg6	0.000481470194978484	0.00152610757503032	0.00122549019607843
mpagomiscuentas_lag1	0.000479721659992706	0.00100069318667286	0.000995710784313725
ccajas_otras_tend6	0.000477549098124386	0.00402164030825079	0.00114889705882353
Master_mlimitecompra_tend6	0.000475451177193602	0.00233778299196132	0.00122549019607843
tmobile_app_tend6	0.000465371845721824	0.00164512575260754	0.00122549019607843
Master_mfinanciacion_limite_tend6	0.000463945115531663	0.000760371832713656	0.000919117647058824
Master_mpagominimo	0.000459333768435942	0.00161123057117161	0.00114889705882353
Master_mconsumospesos_avg6	0.000451249127910766	0.00107201564780143	0.00122549019607843
Master_msaldototal_tend6	0.000441394654219703	0.00242960134435014	0.000995710784313725
ctarjeta_debito_tend6	0.000440055108781061	0.00355672191848896	0.00076593137254902
ctarjeta_debito_trx_delta1	0.000436157947028512	0.00136933711897321	0.00137867647058824
Master_mpagospesos_delta1	0.000428635283791677	0.00105002581050303	0.00107230392156863
ctarjeta_debito_lag1	0.000421850940530444	0.00026927388521724	0.00107230392156863
mforex_sell_tend6	0.000420758156200695	0.00219431842466889	0.00137867647058824
tcallcenter_avg6	0.000416042510585816	0.00141315238802516	0.00107230392156863
mtransferencias_emitidas_lag1	0.000414974137035955	0.000754370792057056	0.000995710784313725
cmobile_app_trx_delta1	0.000414653256146155	0.000440202279645474	0.00114889705882353
mprestamos_prendarios	0.000408529986959264	0.00429444772133817	0.00076593137254902
ctransferencias_emitidas_delta1	0.000405083547026544	0.000489655467541876	0.000612745098039216
cliente_vip_delta1	0.000401698931347635	0.000251189751819532	0.000459558823529412
ctransferencias_recibidas_lag1	0.00039688686438134	0.000660097793402673	0.00107230392156863
Visa_fultimo_cierre_delta1	0.000396147510286766	0.000168775873134987	0.00076593137254902
Master_mconsumospesos_tend6	0.000393576017767869	0.000401846227758781	0.00107230392156863
Visa_status_delta1	0.00039261951917459	0.00120804956100362	0.00038296568627451
ctarjeta_master_trx_avg6	0.000390636854163053	0.00143737432843129	0.000919117647058824
ccaja_ahorro_lag1	0.00038932628126367	0.000708505933879085	0.00076593137254902
Visa_msaldodolares_tend6	0.00038652005766809	0.00121122616205317	0.00114889705882353
tmobile_app_delta1	0.000384757940242499	0.000217677706783815	0.000842524509803922
ccuenta_debitos_automaticos_tend6	0.000384574063728106	0.0010192333667559	0.00076593137254902
Visa_mlimitecompra_tend6	0.00038225696119896	0.00370148695746819	0.00076593137254902
Visa_mlimitecompra_delta1	0.000381082938711504	0.000994116011802505	0.000689338235294118
ctransferencias_recibidas	0.000380600276381797	0.00109631764655984	0.000995710784313725
ccallcenter_trx	0.000374496302691361	0.00172307590161446	0.000689338235294118
mplazo_fijo_dolares_avg6	0.000372951710389089	0.0036586176159715	0.000995710784313725
Visa_Finiciomora_tend6	0.00036929445030809	0.00313626355343765	0.000536151960784314
cliente_vip	0.000369018420026763	0.00105926921442712	0.000612745098039216
mautoservicio_delta1	0.000361392349809157	0.0012574889293035	0.000995710784313725
internet_lag1	0.000359866137701523	0.000266224996301102	0.000689338235294118
ccajas_extracciones_tend6	0.000357393211388568	0.000420722366998725	0.000919117647058824
catm_trx_other_avg6	0.000355306558011623	0.000458010021112679	0.000842524509803922
mextraccion_autoservicio_delta1	0.000347067029080457	0.000647153120298894	0.000995710784313725
tpaquete9	0.000345144090585352	0.0009527291794365	0.00038296568627451
mextraccion_autoservicio	0.00034461748639356	0.000955234338710045	0.000919117647058824
ccajas_depositos_tend6	0.000343625248419119	0.000906570297429011	0.000689338235294118
ccajas_trx_delta1	0.00033864290581539	0.0002299128150867	0.00038296568627451
cplazo_fijo_tend6	0.000337294068875132	0.00102845627955411	0.000306372549019608
Master_mconsumospesos	0.000335109150841994	0.000585846530886389	0.000842524509803922
ctarjeta_visa_debitos_automaticos	0.000334064715261683	0.000371934902424587	0.00076593137254902
ccaja_seguridad_lag1	0.000332478552114165	0.000113773878964826	7.6593137254902e-05
Master_mpagominimo_tend6	0.000329721548320691	0.00106300384125359	0.000842524509803922
ctarjeta_visa_debitos_automaticos_lag1	0.000327246539429787	0.000511753002385617	0.00076593137254902
Master_msaldopesos_tend6	0.000323820917901694	0.0012117632201664	0.000842524509803922
thomebanking_delta1	0.000322809996953723	0.000749522496365779	0.00076593137254902
ctransferencias_recibidas_delta1	0.000321910397847986	0.00129294000669304	0.000919117647058824
ctransferencias_emitidas	0.00030974198298356	0.000347297897584894	0.000612745098039216
mcomisiones_mantenimiento_delta1	0.000307147025305453	0.00235376130477128	0.000842524509803922
Master_mconsumototal_tend6	0.000306426323865548	0.000158498382160564	0.00076593137254902
mprestamos_hipotecarios_avg6	0.000305616267827023	0.00549879887238897	0.000612745098039216
tmobile_app_lag1	0.000299577278517038	0.000403172432487386	0.000842524509803922
Master_mpagominimo_delta1	0.00029935014764121	0.00197694379593301	0.00076593137254902
cforex_tend6	0.000296474105445778	0.000743657268985374	0.00076593137254902
ctarjeta_visa_descuentos_avg6	0.000294019098808552	0.00432552275200735	0.000842524509803922
Visa_mpagado	0.000292461391140805	0.000889596020593618	0.000612745098039216
cextraccion_autoservicio	0.000289146415426298	0.000774462102715591	0.000459558823529412
Master_fultimo_cierre_delta1	0.000285735020818663	0.000153759690165866	0.000689338235294118
cforex_avg6	0.000284270404344242	0.000398260280729406	0.00076593137254902
Master_status_tend6	0.00028402807552499	0.000466991805778415	0.000459558823529412
Master_Finiciomora	0.000282300447851849	0.0021264165519492	0.000459558823529412
cpayroll_trx_delta1	0.000281071573629082	0.000566650158237311	0.00038296568627451
ccajas_consultas	0.000278265822024412	0.00277388656989255	0.000536151960784314
Master_mfinanciacion_limite_delta1	0.000275748096317276	0.00120862188291489	0.000612745098039216
cextraccion_autoservicio_lag1	0.000272982066517073	0.00221812053526334	0.000919117647058824
Master_mconsumototal_lag1	0.000270613131847241	0.00153170689431207	0.00076593137254902
mplazo_fijo_dolares_delta1	0.000270329226037028	0.00288996164994772	0.000536151960784314
catm_trx_tend6	0.000264179338529429	0.00149930899467897	0.000842524509803922
matm_lag1	0.000261168629788568	0.000814212504237893	0.000689338235294118
mttarjeta_master_debitos_automaticos_avg6	0.000258288202010929	0.000437207239502003	0.000536151960784314
catm_trx_other_tend6	0.000257413303762826	0.00021414656160273	0.000689338235294118
Master_mpagominimo_lag1	0.000257084983280189	0.000615197447754597	0.000689338235294118
mtarjeta_master_consumo_tend6	0.000254911172602586	0.00020340254011113	0.000536151960784314
matm_other_avg6	0.000252288535443652	0.000897268755891952	0.00076593137254902
Master_mpagospesos_lag1	0.000249560801642041	0.000561448271490114	0.000459558823529412
mtarjeta_master_consumo_lag1	0.000246385712233551	0.000384655126219286	0.000536151960784314
ctarjeta_visa_trx_delta1	0.000246340953401089	0.000647411403792571	0.000612745098039216
mforex_buy_avg6	0.000243999457300057	0.00407562346458058	0.000689338235294118
Master_cconsumos_delta1	0.00024272357245486	0.000279814901601263	0.000612745098039216
ccajas_otras	0.000242598429309358	0.000825121407812172	0.000229779411764706
cpagomiscuentas_lag1	0.00024164248219157	0.000221885535656823	0.000536151960784314
cforex_buy_tend6	0.000240583872953664	0.0044474492398464	0.000612745098039216
matm_other_tend6	0.000238807108240712	0.000799079569505024	0.000612745098039216
cpagomiscuentas_delta1	0.000236931414724634	0.000584355444075105	0.000536151960784314
Visa_mpagosdolares_tend6	0.000236137217908463	0.000357213696360607	0.000689338235294118
Master_cconsumos	0.000233768574545521	0.00113281186521813	0.000689338235294118
mttarjeta_master_debitos_automaticos_lag1	0.000229851349491858	0.000511142080911642	0.000536151960784314
cplazo_fijo_avg6	0.0002285380757556	0.00094121888514447	0.000459558823529412
tpaquete9_tend6	0.000227209350872461	0.000624349356418936	0.000153186274509804
mtarjeta_visa_descuentos_avg6	0.000224107776506524	0.0031981672447276	0.000612745098039216
Master_mpagado_avg6	0.000223943116413721	0.00110980414315497	0.000536151960784314
mtarjeta_master_consumo_delta1	0.00021912210784185	0.000186082296824796	0.000536151960784314
Master_msaldopesos_delta1	0.000219014864296075	0.000452451684082695	0.000536151960784314
cplazo_fijo	0.000218405869829875	0.00238261281001334	0.000306372549019608
mcheques_emitidos_avg6	0.000216715783461527	0.00257122313992661	0.000536151960784314
minversion1_pesos_avg6	0.000216598967350104	0.00437444174101738	0.000536151960784314
tcuentas_avg6	0.000214838103650368	0.00255591674543046	0.000612745098039216
tpaquete7	0.000214590850884277	0.000850975490221702	0.000229779411764706
mcaja_ahorro_adicional	0.000213051341088291	0.00133062128103906	0.000459558823529412
cpayroll_trx_tend6	0.000209561541907267	0.000460159206641248	0.000612745098039216
catm_trx_other	0.000206891086169241	0.0012965254771846	0.000536151960784314
ccajas_otras_avg6	0.000205700501389637	0.00162614239236008	0.000689338235294118
matm_other_lag1	0.000201606872601279	0.000554718127982358	0.00038296568627451
Master_delinquency_tend6	0.000198547656961248	0.000320203387252778	0.000306372549019608
mcuenta_debitos_automaticos_delta1	0.00019042334707504	0.000498387546394536	0.000689338235294118
tpaquete7_delta1	0.00018617131780944	0.00137292211292697	0.000229779411764706
mcaja_ahorro_adicional_avg6	0.000183698098550738	0.00120191508975988	0.00038296568627451
ccheques_emitidos_avg6	0.000182120831120791	0.00241547009209645	0.000536151960784314
Visa_mpagosdolares	0.000179846323722721	0.000420112398600372	0.000459558823529412
Visa_status	0.000172109902276133	0.000553117437474495	0.000229779411764706
ccuenta_debitos_automaticos	0.000171534016005657	0.00156096631592053	0.000536151960784314
ccajas_otras_delta1	0.0001696535632479	0.000993261579507001	0.000229779411764706
Master_mpagosdolares_avg6	0.000168983264045663	0.00151621846237204	0.00038296568627451
Visa_msaldodolares	0.000168678457887957	0.000901370316833059	0.00038296568627451
ccuenta_debitos_automaticos_lag1	0.000165511323492933	0.00150670200228212	0.000459558823529412
Master_mlimitecompra_delta1	0.000165328702343253	6.7198026372526e-05	0.00038296568627451
ctarjeta_visa_delta1	0.000162974480515075	0.00153848993351687	0.000306372549019608
Master_mconsumototal_delta1	0.000162947024738274	0.00109990168743797	0.00038296568627451
cseguro_accidentes_personales_avg6	0.000161530725875001	0.000224404514526893	0.000536151960784314
catm_trx_lag1	0.000161487074910092	0.00142481755710583	0.000536151960784314
active_quarter_tend6	0.000160815713728307	0.000467053755693872	0.00038296568627451
Master_mconsumototal	0.000160787725322873	0.000331296710959997	0.00038296568627451
Visa_mfinanciacion_limite_delta1	0.000160135835404992	0.000901172077103595	0.000306372549019608
ccomisiones_otras_delta1	0.00015863369483378	0.000126402607499771	0.000536151960784314
ccallcenter_trx_lag1	0.000157846392690385	0.00134734728167481	0.000536151960784314
mpagomiscuentas_delta1	0.000156522653211236	0.000604271388819114	0.000459558823529412
ccajas_trx	0.000155596526741372	0.000168483755456714	0.000459558823529412
Visa_mpagado_lag1	0.000153137075523075	0.000404021622866967	0.000536151960784314
mttarjeta_master_debitos_automaticos	0.000150741461075385	0.000323938967154874	0.000306372549019608
cseguro_vida_tend6	0.000148358449440541	0.00232241750677658	0.000459558823529412
ctransferencias_emitidas_lag1	0.000147633343161855	0.000799101966782151	0.000459558823529412
Visa_mpagosdolares_lag1	0.000146654921164396	0.000168028661847006	0.00038296568627451
matm_delta1	0.000145297136063132	0.000180696466482471	0.00038296568627451
Master_mpagado_tend6	0.00014344285585689	0.000309881578261913	0.000306372549019608
matm	0.000142763148794167	0.000133219004351357	0.000459558823529412
ccomisiones_mantenimiento_lag1	0.000142727012809531	3.89026407561539e-05	0.000306372549019608
mcheques_depositados_avg6	0.000140553656914836	0.00203019784941164	0.000536151960784314
mplazo_fijo_dolares_lag1	0.000137528085376875	0.00065027206027328	0.000306372549019608
Visa_msaldodolares_delta1	0.000136730652636912	0.00091108501665244	0.000536151960784314
Master_Fvencimiento_delta1	0.000136522466132357	3.95798009858871e-05	0.000306372549019608
Visa_madelantopesos_avg6	0.000136482028966667	0.00143664903788262	0.000306372549019608
catm_trx	0.000136033095140181	0.000796841271405759	0.00038296568627451
Visa_mpagado_delta1	0.000131630827726257	0.000456821059273703	0.000306372549019608
ccheques_depositados_avg6	0.000131518746273653	0.000987028941474151	0.00038296568627451
ctarjeta_visa_descuentos_tend6	0.000128685835525358	0.000896043577179325	0.000306372549019608
cprestamos_personales_delta1	0.000128273146667519	5.57039343660775e-05	0.000153186274509804
cprestamos_personales_lag1	0.00012787315075968	0.00116227715116103	0.00038296568627451
Visa_status_lag1	0.00012757005720788	2.65517337651451e-05	7.6593137254902e-05
Master_delinquency	0.000126623125444248	0.000308906581900172	7.6593137254902e-05
minversion1_pesos	0.000125866232298559	0.00165091044509785	0.000229779411764706
Master_mconsumosdolares_avg6	0.000124555285739705	0.000833571852818405	0.000306372549019608
mforex_buy_tend6	0.000118351538005478	0.00394067891681482	0.000536151960784314
Visa_fechaalta_delta1	0.000115859587426954	0.000133155148284654	0.000306372549019608
Master_Finiciomora_avg6	0.00011391281502974	0.00252076969916448	0.00038296568627451
active_quarter_avg6	0.000113448674246116	0.00153426542582047	0.00038296568627451
Master_mconsumospesos_delta1	0.000112149730678326	0.000484604643280833	0.00038296568627451
tpaquete7_avg6	0.000111403362274391	0.000788148745191429	0.000229779411764706
ctarjeta_master_debitos_automaticos_lag1	0.000110986233752054	0.000200712007629023	0.000229779411764706
cseguro_accidentes_personales	0.000109065438882332	0.00017219217270357	0.000306372549019608
mcheques_depositados_tend6	0.000108826268960579	0.000332035344567376	0.000306372549019608
Master_mconsumospesos_lag1	0.000108550700017589	0.000256712825051486	0.00038296568627451
matm_other_delta1	0.000107912499474962	0.000213647149976579	0.000306372549019608
minversion2_avg6	0.000106004182864929	0.0015168884745346	0.000229779411764706
mttarjeta_master_debitos_automaticos_tend6	0.000104489252651136	0.000887518792274542	0.000306372549019608
ctarjeta_master_debitos_automaticos_avg6	0.000104315923822501	0.000467191475121313	0.000229779411764706
mforex_sell_lag1	0.00010302441247269	0.000289620143604774	0.000229779411764706
minversion2	0.000102232423197339	0.00274257327031777	0.000306372549019608
Master_mconsumosdolares_lag1	0.000101731753103321	3.2239689079779e-05	0.000306372549019608
ccuenta_debitos_automaticos_delta1	9.86351674190878e-05	0.00113962159054036	0.000229779411764706
ctarjeta_master_descuentos_avg6	9.77733210307384e-05	0.00344105570787581	0.000459558823529412
Master_msaldodolares_avg6	9.69319210264026e-05	0.00016760597280846	0.000229779411764706
cpagomiscuentas	9.67370215576277e-05	0.000943113599481852	0.000306372549019608
ctarjeta_master_trx_lag1	9.49843586999567e-05	0.000430868333537253	0.000306372549019608
Master_mconsumosdolares_tend6	9.35730591709603e-05	0.000221016330689171	0.000306372549019608
Master_delinquency_avg6	9.32839639190209e-05	0.000522852997622192	0.000229779411764706
cseguro_vivienda_avg6	9.26555194940621e-05	0.000517949900082625	0.000306372549019608
Master_status_delta1	9.26382983812683e-05	0.000150492546932192	0.000153186274509804
mforex_sell_delta1	9.18477201620764e-05	0.000617817452640644	0.000306372549019608
matm_other	9.16262761211735e-05	0.000507363136068726	0.000306372549019608
mcaja_ahorro_adicional_tend6	9.01279622818202e-05	0.001016951227178	0.000229779411764706
Master_fechaalta_delta1	8.97768813486244e-05	8.10848147290731e-05	0.000229779411764706
cseguro_vivienda_lag1	8.88178384293446e-05	0.000127617302380552	0.000229779411764706
Master_cconsumos_lag1	8.83409243917122e-05	5.2583088240446e-05	0.000229779411764706
mcaja_ahorro_adicional_lag1	8.80463102877235e-05	0.000735735780949586	0.000229779411764706
ctarjeta_visa_debitos_automaticos_delta1	8.78725668281848e-05	0.000165275226373819	0.000229779411764706
ctarjeta_master_debitos_automaticos	8.73159125484422e-05	0.000156924377770129	0.000153186274509804
mcheques_depositados	8.72908871970565e-05	0.00149170345121202	0.00038296568627451
thomebanking_lag1	8.69427594847642e-05	0.000104371311411789	0.000229779411764706
Master_Finiciomora_lag1	8.5570862183056e-05	0.000735248282768716	0.000229779411764706
Master_mpagosdolares_tend6	8.49628035043897e-05	0.000708804246548905	0.000229779411764706
cinversion2_avg6	8.48836171960561e-05	0.000295581631623044	0.000229779411764706
catm_trx_other_delta1	8.33286759194775e-05	2.15528521255246e-05	0.000153186274509804
mcaja_ahorro_adicional_delta1	8.16188757363411e-05	0.00103141414974831	0.000229779411764706
mpagodeservicios_avg6	7.52302312990352e-05	0.000808232907782796	0.000229779411764706
ctarjeta_master	7.50075859757114e-05	1.40850280860116e-05	0.000153186274509804
mtarjeta_visa_descuentos_lag1	7.34203133217826e-05	7.37732950916378e-05	0.000153186274509804
mtarjeta_master_consumo	7.17569059118634e-05	0.000298253102592702	0.000153186274509804
cextraccion_autoservicio_delta1	7.07459521867459e-05	0.000138853110893324	0.000229779411764706
mprestamos_prendarios_tend6	6.8992914030747e-05	0.00167277066411161	0.000229779411764706
Visa_madelantodolares	6.75933528173564e-05	8.4946200613329e-05	7.6593137254902e-05
tcallcenter_delta1	6.73232617549827e-05	0.000602341887221514	0.000229779411764706
mcajeros_propios_descuentos_avg6	6.72098012039375e-05	0.00142130594997501	0.000153186274509804
ctarjeta_master_descuentos_tend6	6.6620110838194e-05	0.00250857795580241	0.000306372549019608
cprestamos_hipotecarios	6.62171584317363e-05	0.000723949094727053	7.6593137254902e-05
Visa_mpagosdolares_delta1	6.60925233320059e-05	9.21943407218731e-05	0.000153186274509804
ccajas_consultas_lag1	6.3574070791645e-05	0.000669941634968892	0.000229779411764706
mprestamos_prendarios_lag1	6.16994581019743e-05	0.00065450848141496	0.000153186274509804
cseguro_auto_avg6	6.15678791637487e-05	0.000653503463171113	0.000229779411764706
minversion2_lag1	6.12274966911846e-05	0.000487863208833905	0.000153186274509804
Visa_Fvencimiento_delta1	6.04644922465221e-05	2.96697206639093e-05	0.000153186274509804
ccajas_consultas_delta1	5.91830074258385e-05	0.000729645627722289	0.000153186274509804
Master_msaldodolares	5.89598835561752e-05	0.00172953727779669	0.000229779411764706
cseguro_vida_lag1	5.74693510114113e-05	0.00121317329554978	0.000229779411764706
cseguro_vivienda	5.69814681016883e-05	0.000249043902055642	0.000153186274509804
mprestamos_hipotecarios	5.68409410024564e-05	0.000723949094727053	7.6593137254902e-05
catm_trx_delta1	5.5978383350027e-05	5.95133776289112e-05	0.000229779411764706
ccajas_trx_lag1	5.36987688628109e-05	8.96577299527883e-05	0.000153186274509804
Master_msaldototal_delta1	5.36432435571382e-05	5.10190911440461e-05	0.000153186274509804
ccheques_depositados_delta1	5.15625044065727e-05	0.00169474906450255	0.000229779411764706
ctarjeta_debito_delta1	5.10099144930014e-05	0.00113613714606477	0.000153186274509804
tcuentas_tend6	5.06548576919299e-05	0.000394722940556775	7.6593137254902e-05
cliente_edad_delta1	4.99062899414624e-05	6.68949483245948e-05	0.000153186274509804
ccheques_depositados_rechazados_avg6	4.96219309871985e-05	0.00191337889383317	0.000229779411764706
mttarjeta_master_debitos_automaticos_delta1	4.93701181005946e-05	0.000784354551138554	0.000153186274509804
Master_Finiciomora_tend6	4.83883606187604e-05	0.000714311594033089	7.6593137254902e-05
ccajas_otras_lag1	4.44052850485493e-05	0.000829174838434347	0.000153186274509804
Master_mpagado_delta1	4.39654722825178e-05	9.28205114058065e-05	0.000153186274509804
mforex_buy	4.29846415745021e-05	0.000717106964833662	7.6593137254902e-05
cforex_lag1	4.28416168567036e-05	5.88557554494378e-05	0.000153186274509804
cpagodeservicios_tend6	4.27033530194406e-05	0.000263903304084874	0.000153186274509804
ctarjeta_master_trx_delta1	4.16897771225996e-05	1.29670703809068e-05	7.6593137254902e-05
active_quarter_lag1	3.96246398937887e-05	0.000183289308713279	7.6593137254902e-05
cprestamos_prendarios_tend6	3.94850698872359e-05	0.00114118511109895	0.000153186274509804
minversion2_tend6	3.92716791912386e-05	0.000168551423825906	7.6593137254902e-05
active_quarter	3.87880687825674e-05	5.46503092654864e-05	7.6593137254902e-05
cprestamos_prendarios_lag1	3.84779756711238e-05	0.00124384088639037	0.000153186274509804
tcuentas_lag1	3.78779555876472e-05	0.000290642793747637	7.6593137254902e-05
ccheques_emitidos_tend6	3.58903731847008e-05	0.00144789818945411	0.000153186274509804
catm_trx_other_lag1	3.48047146066107e-05	8.15499156328167e-06	7.6593137254902e-05
cforex_delta1	3.39056538655049e-05	9.20018194461432e-05	7.6593137254902e-05
Master_msaldodolares_tend6	3.38787782441968e-05	0.001026530590259	0.000153186274509804
Master_cadelantosefectivo_avg6	3.26375257320377e-05	0.000183913573245967	7.6593137254902e-05
cinversion1_tend6	3.14940064765836e-05	0.000325336652555161	7.6593137254902e-05
tcallcenter_lag1	3.09572315362194e-05	8.32702171312942e-05	7.6593137254902e-05
ctarjeta_master_tend6	3.05847487651882e-05	1.36037248966868e-05	7.6593137254902e-05
cprestamos_hipotecarios_avg6	3.01313957599197e-05	0.00132466980031482	0.000153186274509804
cforex_sell_tend6	2.91324556784389e-05	0.000334999409753119	7.6593137254902e-05
cseguro_vida_avg6	2.89812514237206e-05	6.08715103908672e-05	0.000153186274509804
cforex_sell_lag1	2.88173788018634e-05	1.5692866661043e-05	7.6593137254902e-05
cinversion2	2.88108332056987e-05	0.000556222557852356	7.6593137254902e-05
mcheques_emitidos_tend6	2.87144733114338e-05	0.00144789818945411	0.000153186274509804
Master_madelantopesos_avg6	2.72749157849738e-05	0.000297046508854712	7.6593137254902e-05
cpagodeservicios_lag1	2.65955373131443e-05	0.000486795764136789	7.6593137254902e-05
tpaquete9_avg6	2.61407625991444e-05	0.000281648619098809	7.6593137254902e-05
ccajeros_propios_descuentos_tend6	2.59026694066549e-05	0.000102386054890278	7.6593137254902e-05
cliente_vip_avg6	2.43906284983293e-05	0.000721336714445985	7.6593137254902e-05
ccheques_depositados	2.41755825564316e-05	8.9737788305072e-05	7.6593137254902e-05
ccheques_emitidos_delta1	2.4045876832131e-05	1.44572041165686e-05	7.6593137254902e-05
mtarjeta_visa_descuentos_delta1	2.35395174449015e-05	7.12309658688185e-05	7.6593137254902e-05
cpagodeservicios_avg6	2.33209479597504e-05	9.45670224839007e-05	7.6593137254902e-05
Master_mconsumosdolares_delta1	2.32568086151089e-05	0.000246722209839414	0.000153186274509804
mtarjeta_master_descuentos_avg6	2.31298342514011e-05	0.000715539631972584	7.6593137254902e-05
ccajas_extracciones_lag1	2.24879888900782e-05	0.000447936011783644	7.6593137254902e-05
cinversion1_avg6	2.17036284955855e-05	1.53435644454241e-05	7.6593137254902e-05
mforex_sell	2.15644173987874e-05	1.5755769652123e-05	7.6593137254902e-05
Visa_cadelantosefectivo_delta1	2.14964048197103e-05	2.21823585741365e-05	7.6593137254902e-05
ctarjeta_master_trx	2.09384615786799e-05	0.000714625632450678	0.000153186274509804
ccajeros_propios_descuentos_avg6	2.06206240469368e-05	0.000644147596323576	7.6593137254902e-05
minversion1_pesos_delta1	2.05763470385289e-05	1.32720545800828e-05	7.6593137254902e-05
Master_mconsumosdolares	1.96386109033595e-05	1.10366157076844e-05	7.6593137254902e-05
ctarjeta_master_debitos_automaticos_tend6	1.95942339246547e-05	0.000171328209651842	7.6593137254902e-05
mcheques_emitidos_lag1	1.90540632719087e-05	0.000551391417522283	7.6593137254902e-05
cseguro_vida	1.89478817056821e-05	5.93060836810337e-05	7.6593137254902e-05
cforex_buy_avg6	1.84818578749886e-05	0.000102558561577936	7.6593137254902e-05
mprestamos_prendarios_delta1	1.72507285845393e-05	0.000406456254544452	7.6593137254902e-05
ccajas_extracciones_delta1	1.71385029124902e-05	0.000234113495892539	7.6593137254902e-05
Visa_delinquency_delta1	1.6844672182304e-05	0.000214900920957879	7.6593137254902e-05
Master_msaldodolares_lag1	1.33812676179622e-05	1.39854316834681e-05	7.6593137254902e-05
cseguro_vivienda_delta1	1.25990139745636e-05	0.000559941935468871	7.6593137254902e-05
mtarjeta_visa_descuentos_tend6	1.24099193384414e-05	0.000370485274402878	7.6593137254902e-05
cprestamos_prendarios_avg6	1.10634013813015e-05	0.000556692424134212	7.6593137254902e-05
ctarjeta_visa	7.81108082126909e-06	1.31672162616161e-05	7.6593137254902e-05
ccajas_extracciones	7.27283582588245e-06	2.61609727599507e-05	7.6593137254902e-05
