Feature	Gain	Cover	Frequency
mv_status07_tend6	0.136957109390632	0.00515203088751864	0.000997410568715834
varnueva_02	0.0860822448913434	0.00726000711248485	0.0059461014673444
ctrx_quarter_avg6	0.0409113658979608	0.00373531779146086	0.0046801572839743
mcuenta_corriente	0.025179340148613	0.00690926311373253	0.00464179533902369
varnueva_02_avg6	0.0200643493801882	0.00350699719776235	0.00402800421981395
mcuentas_saldo	0.0196047239935438	0.00371407273165224	0.00491032895367795
mv_status04_tend6	0.0187975051297853	0.00186189979724908	0.000632972091685048
mv_status06_tend6	0.0161039231061496	0.00217498719914622	0.000460343339407308
mv_status04_avg6	0.0157561406078415	0.000589857902578694	0.000460343339407308
mv_status06_delta1	0.0136825494461716	0.0024690902112612	0.000268533614654263
mcuenta_corriente_tend6	0.00821942612177279	0.00434571462629177	0.00456507144912247
mprestamos_personales	0.00800011532697787	0.00364410982573267	0.00101659154119114
ctrx_quarter_normalizado_lag1	0.00738748183425052	0.00293046581579832	0.00412390908219047
ctrx_quarter_normalizado	0.00625520320114689	0.00589226352002806	0.00550493910041239
Visa_msaldopesos	0.00614662059410376	0.0028117687821299	0.00262779322911672
cpayroll_trx	0.00579378659551496	0.00101459769816674	0.000901505706339311
mv_mpagospesos	0.00550476892597478	0.00110770318260666	0.00197564016495636
ctarjeta_visa_trx	0.00518756068479493	0.00183770740703335	0.00387455644001151
varnueva_03_avg6	0.0051011958144178	0.00378618693746547	0.00389373741248681
mpayroll_sobre_edad	0.00472108715337604	0.00364678673937132	0.00105495348614175
varnueva_06	0.00464957551385819	0.00428695384119059	0.00120840126594418
ctrx_quarter	0.00442745409607817	0.00617786114608767	0.00838208497170807
ctrx_quarter_normalizado_avg6	0.00413554815830614	0.00428242789980524	0.00506377673348039
mdescubierto_preacordado	0.00394346386934328	0.000699493850811526	0.00038361944950609
mcuentas_saldo_lag1	0.00359009114879703	0.0015520910216953	0.00379783255011029
Master_fechaalta	0.00343114708960577	0.00164984562165071	0.00308813656852402
Visa_fultimo_cierre_tend6	0.00339758118416845	0.00177624847137453	0.00189891627505515
foto_mes	0.00334337349916609	0.00255821164969866	0.00189891627505515
Visa_msaldototal	0.0033067681326499	0.00172109867039891	0.00239762155941306
Master_Fvencimiento_lag1	0.00317870398982767	0.00331736248359272	0.00475688117387552
mrentabilidad_annual_tend6	0.00314983341987041	0.00335709994456024	0.00494869089862856
mv_Fvencimiento_lag1	0.0031273755035372	0.00288946263445901	0.00400882324733864
cliente_edad	0.0030972555846098	0.00433590281576989	0.00548575812793709
cliente_edad_lag1	0.00305515954888809	0.00502871447002131	0.00537067229308526
mpasivos_margen	0.00304645151603963	0.00467094636031315	0.00590773952239379
thomebanking_avg6	0.00303691538526674	0.00263858170776912	0.00377865157763499
mv_Fvencimiento	0.00301587609019236	0.0034931202869972	0.00423899491704229
numero_de_cliente	0.00284183389234599	0.00446047079569301	0.005102138678431
varnueva_08	0.00268146130324155	0.00293699475259305	0.00308813656852402
mpayroll_lag1	0.00266850989958029	0.00112457945423045	0.00076723889901218
mcuentas_saldo_tend6	0.00264560918923725	0.00210760847231904	0.00364438477030785
mcaja_ahorro	0.0026361364781447	0.00375628464763072	0.00736549343051693
varnueva_02_tend6	0.00257706729118956	0.00139807132856865	0.00247434544931428
ctrx_quarter_delta1	0.0025474148606689	0.00259120107965721	0.00345257504555481
mactivos_margen	0.00254521734403502	0.002725494152683	0.00429653783446821
ctrx_quarter_tend6	0.00252834359033431	0.00222077895176905	0.00375947060515968
varnueva_07_delta1	0.00250853853574462	0.00235606839024411	0.00402800421981395
mcomisiones_mantenimiento_tend6	0.0024712302716241	0.00632032016841364	0.00303059365109811
Visa_Fvencimiento	0.0024588571520613	0.00369352813622163	0.00448834755922125
mv_Fvencimiento_avg6	0.00244060477350048	0.00248726618232716	0.00433489977941882
Visa_Fvencimiento_avg6	0.0024077868478511	0.00270644145081142	0.0038553754675362
Master_Fvencimiento_avg6	0.00240739216332305	0.00271134576330343	0.00414309005466577
mrentabilidad_annual_avg6	0.00238196368470886	0.00259849135999772	0.00389373741248681
varnueva_05_tend6	0.00236114464947094	0.000484321741556818	0.00105495348614175
mrentabilidad_lag1	0.00227459830710315	0.00271714025664977	0.0042773568619929
mcomisiones	0.00221702774834198	0.00207759893604338	0.00314567948594994
mrentabilidad	0.00218610317647543	0.00328593148953935	0.0029922317061475
mpayroll	0.00217580763961909	0.00167824610736424	0.00115085834851827
cliente_edad_avg6	0.00216154216250049	0.00322649678620891	0.00418145199961638
mrentabilidad_annual_delta1	0.00215925053715444	0.0024967431574263	0.00368274671525846
ccomisiones_otras_avg6	0.00214528742606338	0.00334824485723885	0.00448834755922125
chomebanking_trx_avg6	0.00213311803778	0.00198780428727395	0.00420063297209169
Visa_msaldototal_tend6	0.00211327664167742	0.000741556400459771	0.0012851251558454
cliente_antiguedad_avg6	0.00211025565426771	0.0025298515141312	0.00397046130238803
Master_fechaalta_avg6	0.00210587549491122	0.00337414540363866	0.00439244269684473
varnueva_08_tend6	0.00210289873441385	0.00231723420623095	0.00303059365109811
cproductos_tend6	0.00209483034004246	0.00485790309899818	0.00140021099069723
cprestamos_personales_tend6	0.00209110283797797	0.00287086298685921	0.000498705284357917
mcuenta_corriente_avg6	0.00208043773236989	0.00437437774190348	0.00375947060515968
mv_status01_tend6	0.00206759334370243	0.00503487211468237	0.00109331543109236
mcaja_ahorro_lag1	0.00205508416748468	0.00275522654716584	0.00360602282535725
varnueva_08_avg6	0.00205052344102291	0.00301232422794131	0.00414309005466577
mv_mpagominimo_lag1	0.00204766506391014	0.000920697245059302	0.00205236405485758
mrentabilidad_avg6	0.00204528564036295	0.00272978648795947	0.00283878392634507
mdescubierto_preacordado_avg6	0.0020400646135495	0.000979457322263176	0.000709695981586267
ctrx_quarter_normalizado_tend6	0.00203501990270844	0.00206476405010333	0.00329912726575237
mprestamos_personales_tend6	0.0020282191237458	0.00321891131269445	0.00122758223841949
Master_Fvencimiento	0.00201023084636437	0.00174429044778158	0.0038361944950609
Visa_fechaalta_lag1	0.00200997464408305	0.00180435376391412	0.00375947060515968
Master_fultimo_cierre_avg6	0.00198575334167752	0.00154811405466583	0.00251270739426489
varnueva_07_lag1	0.00198049136683879	0.00245155984253252	0.00364438477030785
mcomisiones_otras_tend6	0.00197710030227527	0.00224544209368906	0.00335667018317829
mv_fultimo_cierre_avg6	0.00197506762432334	0.00246349428310742	0.00368274671525846
mcuenta_corriente_lag1	0.00196625555760242	0.00311803771723675	0.0033950321281289
Visa_Fvencimiento_lag1	0.00194498682972827	0.00269608137383096	0.00326076532080176
mv_msaldopesos_avg6	0.00193616176517077	0.00175941148805087	0.00140021099069723
mcomisiones_tend6	0.00190717945676021	0.0014006381641772	0.00274287906396854
mdescubierto_preacordado_delta1	0.00190715245091434	0.00258194709220746	0.000230171669703654
varnueva_06_tend6	0.00188970594384274	0.00316256905871755	0.00122758223841949
ccomisiones_otras_tend6	0.0018873174107955	0.00339459266319056	0.00337585115565359
ctransferencias_recibidas_avg6	0.00186942684343896	0.00338544167479791	0.00479524311882612
mcomisiones_mantenimiento_avg6	0.00186732754408827	0.00247002994492649	0.00289632684377098
varnueva_03_lag1	0.00186388998786167	0.00239129194408038	0.00477606214635082
mcaja_ahorro_avg6	0.00186250014338619	0.0032450182111571	0.00498705284357917
varnueva_02_delta1	0.00184960283306098	0.00163323728915483	0.00395128032991273
varnueva_07_avg6	0.00184566823599078	0.00166295198620518	0.00222499280713532
varnueva_07_tend6	0.00182446327289555	0.00129966298545701	0.0025702503116908
mtransferencias_recibidas_avg6	0.00181992073256629	0.00306469517806715	0.0038361944950609
Visa_fechaalta	0.00181648348229626	0.00144137269849129	0.00335667018317829
Visa_msaldototal_lag1	0.00181208069266053	0.00142360553811588	0.00132348710079601
Master_fechaalta_lag1	0.00179630069913479	0.00255572162094712	0.00400882324733864
mrentabilidad_annual_lag1	0.00179360011609643	0.0029388321000343	0.00337585115565359
cliente_antiguedad_lag1	0.00179241343184789	0.00278305115842611	0.00306895559604872
mv_Finiciomora_avg6	0.00178318588388473	0.00374552390077865	0.000728876954061571
Master_Fvencimiento_tend6	0.00176950087384074	0.00127754154879141	0.00201400210990697
cproductos_avg6	0.00174920903896183	0.0025299424789342	0.00322240337585116
mv_fechaalta	0.00172811296011278	0.00220481445186722	0.00280042198139446
mcaja_ahorro_dolares_delta1	0.00170988938977348	0.00317911934363485	0.00228253572456124
mrentabilidad_tend6	0.00170624307777773	0.00219945779300072	0.00314567948594994
tcallcenter_tend6	0.00168765740991437	0.00346481855295696	0.00145775390812314
varnueva_06_avg6	0.00167958354900588	0.0015528013966355	0.00093986765128992
varnueva_02_lag1	0.00167621377411914	0.00148497457081764	0.00393209935743742
mcuentas_saldo_avg6	0.00166096221542696	0.00215377576445934	0.0038170135225856
ctarjeta_master_delta1	0.00165923580490242	0.000330226657367756	1.91809724753045e-05
mpasivos_margen_tend6	0.00165329800012522	0.00162813830490541	0.00274287906396854
mactivos_margen_avg6	0.00164408810216409	0.00231704130421679	0.0038170135225856
mv_fechaalta_avg6	0.00163592982697873	0.00207298981672533	0.00283878392634507
varnueva_01	0.00163324759764416	0.00155025969138109	0.0012659441833701
ctrx_quarter_normalizado_delta1	0.00162509625202908	0.00145538941897312	0.00266615517406733
varnueva_07	0.00162363130098831	0.00179156878473368	0.00291550781624628
mpasivos_margen_lag1	0.00161792004657284	0.00247479727929102	0.00454589047664717
mcaja_ahorro_dolares_avg6	0.00161663542809688	0.00155095838601585	0.00260861225664141
mtransferencias_recibidas_tend6	0.00161248969352998	0.00212558658608975	0.00291550781624628
chomebanking_trx_lag1	0.0015964428685971	0.00152618021078465	0.00291550781624628
mcomisiones_otras_avg6	0.00159486085930845	0.00189260130313515	0.00249352642178958
mv_fechaalta_tend6	0.00158965111574343	0.00227567532551141	0.00184137335762923
mcomisiones_avg6	0.00156055924839748	0.00227586398014177	0.00260861225664141
Visa_fultimo_cierre_avg6	0.00152349404508691	0.00282387701149186	0.00262779322911672
mactivos_margen_tend6	0.00152183943702692	0.00176062659376573	0.00232089766951184
varnueva_01_lag1	0.00151871253117796	0.00127869329769795	0.00107413445861705
mdescubierto_preacordado_tend6	0.00151443461389646	0.00419359988479849	0.000556248201783831
mv_fechaalta_lag1	0.00151439562594892	0.00159529682548248	0.00249352642178958
ccomisiones_mantenimiento_delta1	0.00149660204892462	0.000717892809526879	0.000191809724753045
mrentabilidad_annual	0.00149528792120715	0.00161396089173656	0.00285796489882037
Master_mfinanciacion_limite	0.00149014098699581	0.0027774244367398	0.00218663086218471
varnueva_04	0.00147753496178767	0.00331994524689051	0.00542821521051117
mcomisiones_mantenimiento	0.00146541139247729	0.00332423722821833	0.0016879255778268
mes	0.00144413729731531	0.00272935396270938	0.00145775390812314
Visa_fechaalta_avg6	0.00143273871046404	0.00117374752302399	0.00232089766951184
mvr_msaldopesos2_tend6	0.0014260239368023	0.00209752412133679	0.00247434544931428
mcomisiones_lag1	0.00142034820287862	0.00085138383491216	0.00245516447683898
chomebanking_trx	0.0014174387029471	0.00126061678620259	0.00347175601803011
varnueva_03	0.00141524825606451	0.00283092165146938	0.00592692049486909
mpasivos_margen_avg6	0.00141160510469045	0.00217690312318774	0.00374028963268438
mtransferencias_emitidas_avg6	0.00140217538123103	0.00218203396281565	0.00333748921070298
mrentabilidad_delta1	0.00139082563250981	0.00172344499599861	0.00306895559604872
internet_avg6	0.00137737505700304	0.00200400770251442	0.00245516447683898
mv_fultimo_cierre	0.00137157350229526	0.00121780457331401	0.0021099069722835
Visa_mpagospesos_tend6	0.00136985956304502	0.00291234541467038	0.00274287906396854
Visa_mpagospesos_avg6	0.00136268306693508	0.00153382762531283	0.00205236405485758
chomebanking_trx_delta1	0.00135754868921825	0.00193991043361979	0.00247434544931428
mv_fultimo_cierre_lag1	0.00135321201710906	0.000941259537922402	0.0017071065503021
ccomisiones_mantenimiento_tend6	0.00134407773393719	0.00554648577478147	0.00143857293564784
mcomisiones_otras_lag1	0.00133438394631831	0.00172749558434724	0.00366356574278316
mactivos_margen_delta1	0.00133424329216144	0.00145288027699449	0.00226335475208593
mvr_msaldopesos2_avg6	0.00133412600497588	0.00196679955859857	0.00312649851347463
cprestamos_personales_avg6	0.00132858928504559	0.00267334371256601	0.00093986765128992
mtransferencias_recibidas	0.00132566076593207	0.00400365121817647	0.00237844058693776
Master_mfinanciacion_limite_avg6	0.00131572563523678	0.00111538209856467	0.00222499280713532
Master_mfinanciacion_limite_lag1	0.00131403744951083	0.00184295965104814	0.00235925961446245
varnueva_03_tend6	0.0013096984651447	0.00128150506577219	0.00281960295386976
mvr_Master_mlimitecompra_avg6	0.00130850093082051	0.00345724263605604	0.00239762155941306
chomebanking_trx_tend6	0.00129575511066434	0.00179634249017391	0.00258943128416611
cliente_antiguedad	0.0012939307974805	0.000972815121900506	0.00216744988970941
Visa_mpagominimo_avg6	0.00128984306559877	0.00281874546396665	0.00251270739426489
mpasivos_margen_delta1	0.00128904073856307	0.0011486327426268	0.00276206003644385
Visa_mconsumosdolares_avg6	0.00128406603093462	0.000732346656591249	0.00182219238515393
mv_Finiciomora_delta1	0.00127936765623193	0.000615583598345483	9.59048623765225e-05
varnueva_08_delta1	0.00127378999077541	0.00221422453067154	0.0025510693392155
mcaja_ahorro_dolares_tend6	0.00126333647705852	0.00182687834809186	0.0021099069722835
mactivos_margen_lag1	0.00126034694498064	0.00163716930470577	0.00306895559604872
Visa_cconsumos_avg6	0.00125075282555644	0.00193230726267284	0.00232089766951184
ccomisiones_otras_lag1	0.0012384576989929	0.00167700870288445	0.00220581183466002
ctransferencias_recibidas_tend6	0.00122803121923081	0.0018327730089061	0.00237844058693776
mautoservicio	0.00122122997226716	0.00391309310216936	0.00178383044020332
Visa_cconsumos_tend6	0.00121872771734478	0.000913074606936609	0.00224417377961063
varnueva_08_lag1	0.00119222389689578	0.00192872671813118	0.00331830823822768
mcomisiones_delta1	0.00118807768843639	0.00138220310269956	0.00199482113743167
ctarjeta_visa_debitos_automaticos_tend6	0.00118662121194253	0.00212706149011358	0.00157283974297497
Visa_mconsumospesos_avg6	0.00118551623539541	0.00168934806071475	0.0021290879447588
ctransferencias_emitidas_avg6	0.00117462964338125	0.00129610650942354	0.00264697420159202
thomebanking_tend6	0.00117142891141234	0.00278793635769104	0.00197564016495636
Visa_msaldototal_avg6	0.00116627748694048	0.00140654450529688	0.00197564016495636
Visa_fechaalta_tend6	0.00116439634190614	0.00192005745385095	0.00163038266040088
mprestamos_personales_delta1	0.00116411760896422	0.00210123739662214	0.000843962788913398
cmobile_app_trx_avg6	0.00116199115025263	0.00102288894528895	0.00226335475208593
cpayroll_trx_avg6	0.00116080815525375	0.00214188910695217	0.00189891627505515
Visa_mfinanciacion_limite	0.00115209719361352	0.00143883913405582	0.00195645919248106
mcomisiones_otras	0.00114947772921887	0.00089584013927919	0.00187973530257984
mvr_mconsumospesos	0.00114032452889889	0.000655158596882737	0.00164956363287619
mtarjeta_visa_debitos_automaticos_tend6	0.00113536151872436	0.0020309842528097	0.00189891627505515
mcuenta_corriente_delta1	0.00113083387206335	0.0042013910024785	0.00220581183466002
cprestamos_personales	0.00112641790473735	0.00171242799032407	0.000345257504555481
Master_mlimitecompra_lag1	0.00112157324081918	0.00101778288206654	0.00195645919248106
Visa_mpagospesos	0.0011212705314522	0.00128849944504143	0.00258943128416611
tmobile_app_avg6	0.00110554157217594	0.00100346247364315	0.00184137335762923
Master_fultimo_cierre	0.00109258552680743	0.00105820063233903	0.0021482689172341
mvr_Master_mlimitecompra	0.00107303355906761	0.00179127783894353	0.0021482689172341
Visa_mfinanciacion_limite_avg6	0.0010665967881857	0.00125422765912455	0.0017071065503021
ccaja_ahorro	0.00105841736045508	0.00139471023218988	0.000728876954061571
ctrx_quarter_lag1	0.00105689693486534	0.00121868979888723	0.00331830823822768
mvr_Visa_mlimitecompra_lag1	0.00105641278630757	0.00103857630339798	0.00157283974297497
ctarjeta_debito_trx_avg6	0.00105355053547802	0.00193744730496564	0.00352929893545603
mvr_mpagospesos_tend6	0.00104849797861788	0.00135585622705233	0.00209072599980819
mv_mpagominimo_avg6	0.00104336805725546	0.0017500010552979	0.00197564016495636
mcaja_ahorro_tend6	0.0010428546618517	0.00195123289697914	0.00260861225664141
Visa_mlimitecompra	0.00103178445174908	0.00131984372167559	0.00180301141267862
mvr_mconsumospesos_avg6	0.00102792860306495	0.000908348684564107	0.00199482113743167
mv_status01_avg6	0.00102280974626284	0.0012419994411703	0.000613791119209744
mtransferencias_recibidas_lag1	0.00102069559761588	0.00273769936397502	0.00232089766951184
cmobile_app_trx_tend6	0.0010088286037201	0.00128903107591348	0.00182219238515393
Visa_Finiciomora	0.00100221839911284	0.00200877255923841	0.000364438477030785
Master_mlimitecompra_avg6	0.00100135546668657	0.00147819680812208	0.00182219238515393
ccallcenter_trx_avg6	0.000997834795967265	0.0022054770437397	0.00234007864198715
cproductos_lag1	0.000997523935015828	0.0015225777214267	0.0017071065503021
mvr_Visa_mlimitecompra_avg6	0.000993721904340788	0.001153070904747	0.00164956363287619
Master_status_avg6	0.000987747242880923	0.00424379263493328	0.000671334036635657
mautoservicio_avg6	0.000985883611987146	0.00158794460412826	0.00312649851347463
Visa_Fvencimiento_tend6	0.000980954030197507	0.00120758713763943	0.0017071065503021
mv_mpagominimo	0.000977296505146807	0.00175333560552793	0.00320322240337585
mv_cconsumos_tend6	0.000966006178028761	0.000702274825353224	0.00141939196317253
ccajas_trx_avg6	0.000957721399746617	0.00139648493072012	0.0016879255778268
mcuenta_debitos_automaticos	0.00095231844882939	0.00190014465676028	0.00093986765128992
ccallcenter_trx_tend6	0.000950075367428227	0.00172883067865439	0.00136184904574662
mpayroll_sobre_edad_avg6	0.00094369682763951	0.0011442271437824	0.00115085834851827
Visa_mconsumototal_avg6	0.000942398620454403	0.00108353804643696	0.00197564016495636
mv_Fvencimiento_tend6	0.000925323353392606	0.00142046601359191	0.00164956363287619
Master_fultimo_cierre_lag1	0.000924753468431967	0.000714669399172896	0.00166874460535149
mv_status07_delta1	0.000919398581785798	0.00159951766313168	0.000441162366932003
Visa_mconsumospesos_tend6	0.000916008606532817	0.00113983534893533	0.00239762155941306
mcaja_ahorro_delta1	0.000910207503625204	0.00129147969267299	0.00205236405485758
mv_Finiciomora_lag1	0.0009044089130072	0.00380992025628238	0.000498705284357917
ctarjeta_debito_avg6	0.000902257052925916	0.00105978172095781	0.00149611585307375
mcuentas_saldo_delta1	0.000901287704352237	0.00145023451083703	0.00222499280713532
mvr_Master_mlimitecompra_lag1	0.000893995423126243	0.00205766100859858	0.00157283974297497
Visa_mpagospesos_lag1	0.000892924039244506	0.00112715655434985	0.00216744988970941
ccallcenter_trx	0.000890900033835076	0.00152420907075376	0.000613791119209744
mvr_mpagominimo_avg6	0.000889417705320959	0.00118819747665321	0.00141939196317253
ccomisiones_mantenimiento_avg6	0.000887722135321071	0.00374416296822006	0.00164956363287619
Master_fultimo_cierre_tend6	0.000887381293949912	0.00116911362730044	0.00130430612832071
Visa_msaldodolares_lag1	0.000886516730103243	0.000272096962709225	0.00017262875227774
mvr_mpagominimo_tend6	0.000883241986455366	0.00136342294128835	0.00155365877049966
mv_status07	0.000883182953933026	0.000160909303595548	0.00017262875227774
mcomisiones_otras_delta1	0.00088197235238196	0.00109640089432035	0.00239762155941306
mv_mlimitecompra_avg6	0.000878337319484073	0.000874024868195699	0.00172628752277741
Visa_mfinanciacion_limite_lag1	0.000873726106804188	0.000977476271670089	0.00140021099069723
Visa_msaldopesos_tend6	0.000867464543927916	0.00219982377590464	0.00187973530257984
Visa_mlimitecompra_lag1	0.000865931817190272	0.00120043206568316	0.00143857293564784
mcaja_ahorro_dolares	0.000861224011664623	0.00323443373073265	0.00163038266040088
mv_mpagominimo_tend6	0.00085508427360393	0.000786530531701499	0.00149611585307375
mv_status07_avg6	0.000853905663005344	0.000872182919421995	0.000537067229308526
tcallcenter_avg6	0.000840621352465296	0.00215502768083378	0.00199482113743167
mvr_mpagospesos_avg6	0.000839529604835353	0.0010151848989768	0.00161120168792558
internet_tend6	0.000834341396571654	0.00227673681751224	0.00153447779802436
ccaja_ahorro_delta1	0.000834273032269049	0.00156013769030048	0.000153447779802436
mvr_mconsumospesos_tend6	0.000831545927880617	0.000667144713960508	0.00151529682554906
cmobile_app_trx	0.000826636438007808	0.000843619971278186	0.00195645919248106
ctarjeta_visa_debitos_automaticos_avg6	0.000822871436040563	0.000945295968325039	0.00138103001822192
mv_mfinanciacion_limite_avg6	0.000821122295459338	0.000645998759773842	0.00136184904574662
Visa_fultimo_cierre	0.000819491093545052	0.00145655780346621	0.00193727822000575
mvr_msaldopesos2	0.000813272466163886	0.000810247922829165	0.0021482689172341
tmobile_app_tend6	0.000808651437086956	0.00306957259046177	0.0012659441833701
cextraccion_autoservicio_tend6	0.000808053628024805	0.000853776527784996	0.00117003932099357
mtransferencias_recibidas_delta1	0.000807237418128899	0.00107930694427692	0.00176464946772801
varnueva_03_delta1	0.000806918297814251	0.00105213713801883	0.00203318308238228
mv_mpagospesos_tend6	0.000798070686342359	0.00144225933985911	0.00157283974297497
ccaja_ahorro_avg6	0.000795179941177217	0.00193331955581135	0.000537067229308526
mv_mfinanciacion_limite	0.00077863018936796	0.00073623195092041	0.00174546849525271
Visa_mpagominimo_lag1	0.000778307335337664	0.000945491701928394	0.00172628752277741
cmobile_app_trx_lag1	0.000769221854750973	0.000746685116395776	0.00176464946772801
ctarjeta_visa_trx_avg6	0.0007664917189371	0.00140439603699242	0.0025510693392155
Visa_mpagospesos_delta1	0.000758605421303922	0.000600109317323658	0.00193727822000575
mvr_msaldopesos_avg6	0.000756786180891394	0.00100015482351051	0.00120840126594418
mcaja_ahorro_dolares_lag1	0.000754965690657596	0.000796581257562011	0.00153447779802436
cproductos	0.000754244149414253	0.000983146882988982	0.00151529682554906
Visa_mpagominimo_tend6	0.000749934143211532	0.000975956062219079	0.00151529682554906
mpagomiscuentas_avg6	0.000747635922105192	0.0010614488190985	0.00174546849525271
Visa_mconsumospesos_delta1	0.000733734539776656	0.000964482462786258	0.00161120168792558
mextraccion_autoservicio_tend6	0.000730779733881098	0.000628948345414334	0.00120840126594418
ccuenta_debitos_automaticos_tend6	0.000730088890601429	0.00194229746331423	0.000824781816438093
ccajas_consultas_tend6	0.000728151821791487	0.00325836738448536	0.00118922029346888
mtransferencias_emitidas_tend6	0.000722832551870286	0.00127928014455937	0.0017071065503021
mvr_mpagominimo_delta1	0.000721671584842511	0.00105337064906348	0.00103577251366644
cpagomiscuentas_avg6	0.000720464271342216	0.00160432640948824	0.0021290879447588
Visa_cconsumos_lag1	0.000719840252638164	0.000848852748117241	0.0016879255778268
mvr_msaldopesos_lag1	0.000716636539997667	0.0011930532981802	0.00138103001822192
varnueva_04_avg6	0.0007159978018215	0.00130273207419966	0.00205236405485758
ccajas_extracciones_avg6	0.000708747287317698	0.0033409372334145	0.00103577251366644
mv_mlimitecompra	0.000706664313198404	0.000838870334346145	0.00134266807327131
ctarjeta_visa_trx_tend6	0.00070612449026899	0.000874088578952668	0.00172628752277741
mvr_msaldototal_delta1	0.000702613830079904	0.000548090192155756	0.000556248201783831
mv_mpagospesos_avg6	0.000701576284641422	0.000931968031915771	0.00164956363287619
mv_mconsumospesos_avg6	0.000700899456229158	0.000735893222062525	0.00141939196317253
mtarjeta_visa_debitos_automaticos_avg6	0.000698742375288927	0.000897696953896187	0.00161120168792558
mvr_msaldopesos2_lag1	0.000691487220799956	0.00100015730115106	0.00230171669703654
ccajas_consultas_avg6	0.00069093102659015	0.00244582481255936	0.00143857293564784
varnueva_04_tend6	0.000689902543393574	0.000949226568081377	0.0016879255778268
Visa_msaldopesos_avg6	0.000684796719844617	0.00123728307541134	0.00174546849525271
Visa_mfinanciacion_limite_tend6	0.000684614035680587	0.00117765688586134	0.000556248201783831
mv_fultimo_cierre_tend6	0.00068381569333128	0.00208355801551189	0.00155365877049966
Visa_mconsumospesos_lag1	0.000674992614899871	0.000534213989287904	0.00145775390812314
Visa_mpagado_avg6	0.000673507400307797	0.000726335546671223	0.000863143761388703
varnueva_05_lag1	0.000671139545125464	0.000767315721348293	0.00182219238515393
mv_msaldototal_tend6	0.000663763557244172	0.000622036436180495	0.00101659154119114
active_quarter_avg6	0.000656398353256277	0.00276585810276072	0.00109331543109236
mcomisiones_mantenimiento_lag1	0.000653384241306088	0.00148457177725413	0.000997410568715834
Visa_mconsumototal_lag1	0.000652170798925864	0.000729874679220852	0.00130430612832071
mextraccion_autoservicio_avg6	0.000650903157210155	0.00166309391961376	0.00178383044020332
mv_mpagospesos_lag1	0.000650774343729944	0.00160148632552202	0.00189891627505515
Master_mlimitecompra	0.000650296480888546	0.00056763806818845	0.00164956363287619
mvr_msaldototal_tend6	0.000649379198102908	0.00148282574856453	0.00136184904574662
ccomisiones_otras	0.000648127724971838	0.001791428975017	0.00151529682554906
cpagomiscuentas_tend6	0.000644706790402302	0.000831554569702853	0.00107413445861705
mvr_Visa_mlimitecompra_tend6	0.000639292463003126	0.00346338258328461	0.000863143761388703
mvr_mpagospesos	0.000635165491311483	0.000728261381274936	0.00151529682554906
mprestamos_personales_avg6	0.00063111031014434	0.00081013536715852	0.00107413445861705
mv_msaldopesos_tend6	0.000630479731434261	0.000949010305456333	0.00166874460535149
ctarjeta_visa_tend6	0.000627867948726887	0.00051947875304692	0.000115085834851827
mv_cconsumos_avg6	0.000621396851201266	0.000843480161561504	0.00134266807327131
mv_mconsumospesos_tend6	0.000616674591413442	0.000711229726193869	0.000959048623765225
cliente_edad_tend6	0.000616529350625493	0.00065268449582044	0.000997410568715834
mtarjeta_master_consumo_avg6	0.000613014878752678	0.000613028796991025	0.00059461014673444
cliente_vip_delta1	0.000612315549525792	0.000313265438068005	0.000249352642178959
Visa_mlimitecompra_avg6	0.000604380298214822	0.000969099015025963	0.00122758223841949
Master_msaldopesos	0.000601860840558656	0.0011118312857096	0.00101659154119114
Visa_mconsumototal_delta1	0.000597040471314492	0.000395619378320755	0.00134266807327131
mtransferencias_emitidas	0.000596885357882612	0.00216121010190032	0.00166874460535149
mv_mfinanciacion_limite_lag1	0.000596203730874002	0.000987492310562918	0.00120840126594418
ctarjeta_debito_trx_tend6	0.000592414320210785	0.000835366596661499	0.00130430612832071
mcuenta_debitos_automaticos_avg6	0.000589602733444588	0.000637161723833589	0.00101659154119114
mv_msaldopesos	0.000589325384073791	0.000945573464066504	0.00234007864198715
Visa_mpagominimo_delta1	0.000587486814419475	0.00118923879358101	0.00155365877049966
ctransferencias_emitidas_tend6	0.00058512308770774	0.00119359059223064	0.00140021099069723
Visa_msaldopesos_delta1	0.000583956747272002	0.000535029840925757	0.00141939196317253
mvr_Visa_mlimitecompra	0.000575219306843292	0.000987202426618709	0.00153447779802436
Master_mpagospesos_tend6	0.000575081521809518	0.00269185699669526	0.000805600843962789
ccuenta_debitos_automaticos_avg6	0.000573344218753335	0.000954756307837638	0.00132348710079601
Visa_msaldototal_delta1	0.000571987126946133	0.000491181266390482	0.00111249640356766
Visa_mconsumospesos	0.000564864405980895	0.000686132289280524	0.00199482113743167
mv_status05_tend6	0.00056203831185166	0.000709270974365721	0.000249352642178959
mv_Finiciomora	0.000559375987123249	0.00161938798638437	0.000345257504555481
mv_fultimo_cierre_delta1	0.000557211246003685	0.000514236773542969	0.000671334036635657
Master_msaldototal	0.000554266216296269	0.00105635054274638	0.00111249640356766
Master_status_tend6	0.000548357388158467	0.000940643667271702	0.000498705284357917
Visa_cconsumos	0.000544911682893171	0.00121448665867053	0.00182219238515393
tmobile_app	0.000544586372555831	0.000330482916190231	0.000901505706339311
mvr_msaldopesos_tend6	0.000544441104454921	0.00176661434307487	0.00113167737604297
Visa_cconsumos_delta1	0.000544327196964133	0.000463158797834959	0.00105495348614175
Visa_delinquency_avg6	0.000543889554794988	0.000926465900154196	0.000652153064160353
Visa_delinquency_tend6	0.000539400210819057	0.00407336706793846	0.000632972091685048
mvr_mconsumospesos_lag1	0.000533613873738817	0.00183208457878218	0.0012851251558454
ctransferencias_recibidas	0.000532756476129007	0.000437493273338641	0.00101659154119114
Master_mconsumospesos_avg6	0.000531520558923204	0.0011716726760387	0.0012659441833701
varnueva_04_lag1	0.000530750030057833	0.00104857358301236	0.00241680253188837
mcuenta_debitos_automaticos_tend6	0.000528467082911448	0.00189573622632668	0.00111249640356766
mpagomiscuentas	0.000526779736937424	0.000924004187294643	0.00113167737604297
ccomisiones_mantenimiento	0.000521708439235059	0.00151938368881065	0.000537067229308526
mvr_mpagospesos_lag1	0.000515211910249033	0.000501793000860971	0.00122758223841949
mtarjeta_visa_consumo_avg6	0.000512048476364286	0.00043739204402479	0.00117003932099357
mv_msaldototal_avg6	0.000510067146590754	0.000848303065864058	0.000997410568715834
Visa_mpagominimo	0.00050768952485789	0.00137608545423594	0.00241680253188837
Visa_mconsumosdolares_lag1	0.000506363841585024	0.000551394656750549	0.0012851251558454
Visa_fultimo_cierre_lag1	0.000506203466018548	0.00128618143533371	0.00113167737604297
cliente_vip	0.000506196941855056	0.000746381782402874	0.000441162366932003
Master_delinquency_avg6	0.000502962457216934	0.000986346224834776	0.000326076532080177
Visa_mconsumosdolares_tend6	0.000501349771324707	0.000752554292907222	0.000920686678814616
Visa_mconsumosdolares	0.000496235475392649	0.000476145527745794	0.00140021099069723
ccajas_depositos_avg6	0.00049378081806727	0.00245660573448447	0.000709695981586267
varnueva_01_avg6	0.000492656016811914	0.00152899551834538	0.00141939196317253
ccaja_seguridad	0.000492624704177158	0.000849152188674995	0.000134266807327132
cproductos_delta1	0.000492062088540715	0.00134241502707511	0.000249352642178959
Master_fultimo_cierre_delta1	0.000491234004566819	0.00130320317985258	0.00103577251366644
Master_msaldototal_avg6	0.000489330836994776	0.000642927193390635	0.00107413445861705
mvr_mconsumosdolares_avg6	0.000489308298597254	0.000850244828157014	0.00145775390812314
mvr_msaldototal_avg6	0.000488462949435822	0.00132997231623907	0.00134266807327131
ccajas_trx_tend6	0.000487387369476001	0.00160041881639414	0.000997410568715834
mpagomiscuentas_tend6	0.000487139463432602	0.000878648499408401	0.000959048623765225
matm_tend6	0.000483563386575187	0.000835651525324611	0.00107413445861705
mpayroll_sobre_edad_tend6	0.000482841498857099	0.00122941798246352	0.00124676321089479
mtarjeta_visa_consumo_tend6	0.000481512586885208	0.000760272497165369	0.00141939196317253
mautoservicio_lag1	0.00047987296393418	0.00117215369225381	0.00176464946772801
mtarjeta_visa_consumo_lag1	0.000479139067640125	0.00127173714488289	0.00155365877049966
ccajas_otras_tend6	0.000477960393466683	0.00417501156355548	0.000652153064160353
mv_status01	0.000476482678542581	0.00248624185493456	0.000460343339407308
cmobile_app_trx_delta1	0.000472831051260553	0.000803299556884394	0.00113167737604297
ctarjeta_visa_trx_lag1	0.000471526261999749	0.000706734932289705	0.00182219238515393
matm_avg6	0.000470836543954373	0.000600000655088161	0.00141939196317253
mv_mpagominimo_delta1	0.000458477004497339	0.000955304574296222	0.000978229596240529
ccajas_otras_avg6	0.000458065718802443	0.00328835780753392	0.000748057926536875
varnueva_06_delta1	0.000458018989532798	0.00146913359899459	0.000748057926536875
mv_msaldototal_lag1	0.000456473130516091	0.000544003501044843	0.000920686678814616
mvr_msaldototal_lag1	0.000453666647148689	0.00167280273107854	0.00101659154119114
mvr_msaldototal	0.000451422100037681	0.000685449168386356	0.00151529682554906
Master_fechaalta_tend6	0.000448930790719918	0.000534891447003675	0.0012659441833701
Master_mpagospesos_avg6	0.000448666183723019	0.00124489084769074	0.000901505706339311
mpayroll_tend6	0.00044663976865081	0.000841489200406222	0.000843962788913398
mcuenta_debitos_automaticos_lag1	0.000446598194637606	0.000964619794862392	0.00109331543109236
mtarjeta_visa_debitos_automaticos_lag1	0.000446203389908014	0.000792978768204063	0.000863143761388703
mv_status04_delta1	0.000444042993114029	0.00345859896728218	0.000517886256833221
mtarjeta_visa_consumo_delta1	0.000442306307158816	0.000682959493583467	0.00147693488059845
Master_msaldopesos_avg6	0.000439306762063683	0.000903326861120349	0.00101659154119114
mvr_mpagominimo	0.000437391721046976	0.00152252215148868	0.00143857293564784
ctarjeta_debito	0.000434738142106862	0.000452694306002798	0.000632972091685048
varnueva_05	0.000434653704624689	0.00265471574907422	0.00312649851347463
matm_other_avg6	0.000431738818301756	0.00113362708961735	0.000805600843962789
cextraccion_autoservicio_avg6	0.000428125626998821	0.00116812221713228	0.00159202071545027
Visa_msaldopesos_lag1	0.00042552232796139	0.000363286523107629	0.000882324733864007
mv_mfinanciacion_limite_tend6	0.000424221763196166	0.00110427306624118	0.000364438477030785
mv_mconsumospesos	0.000422082131189601	0.000656719156479828	0.00147693488059845
mtransferencias_emitidas_lag1	0.000419229924398838	0.000863902644707922	0.00118922029346888
mforex_sell_avg6	0.000417268443031379	0.00242640471198925	0.000882324733864007
Master_msaldototal_tend6	0.000416451783384424	0.00143818751459149	0.000843962788913398
mv_mlimitecompra_lag1	0.000414513037523467	0.000883631742449327	0.0012851251558454
mpayroll_delta1	0.000413578624077392	0.00138237158225688	0.00132348710079601
catm_trx_avg6	0.000413479854293898	0.000410452658337741	0.000863143761388703
mvr_mconsumosdolares	0.000410320932868642	0.00108154389974383	0.000613791119209744
mtarjeta_visa_consumo	0.000410234532656285	0.00272138445490985	0.00366356574278316
mcomisiones_mantenimiento_delta1	0.000410045122274677	0.0018424251885869	0.000671334036635657
mprestamos_personales_lag1	0.000406912965626465	0.000761690415456579	0.00059461014673444
mvr_Master_mlimitecompra_tend6	0.000406213813221863	0.00243862089568941	0.000786419871487484
ctarjeta_debito_trx	0.00039779996628124	0.00131171281329175	0.0012659441833701
mv_fechaalta_delta1	0.0003941806168193	0.000914891779304825	0.000306895559604872
internet_lag1	0.000393470211517595	0.000277089054466398	0.000556248201783831
varnueva_06_lag1	0.000393453998580858	0.000578729403079456	0.000364438477030785
Master_Finiciomora_avg6	0.000391252271752606	0.00387435731588084	0.000517886256833221
varnueva_04_delta1	0.000390579680098186	0.000582663188373643	0.00141939196317253
active_quarter_tend6	0.000389872030570671	0.0026624718258379	0.000728876954061571
mv_mconsumospesos_lag1	0.000388451477470428	0.0005316517550118	0.00111249640356766
thomebanking	0.000387158647990609	0.000737420510486532	0.000498705284357917
mv_status05_avg6	0.000384578805097783	0.000659937965501363	0.000249352642178959
Master_mconsumototal_avg6	0.000383929282913652	0.000739432708560803	0.000843962788913398
ccomisiones_otras_delta1	0.000383889723998083	0.0012138237128494	0.000863143761388703
ccaja_seguridad_avg6	0.000383556548178227	0.000670770209980695	0.000153447779802436
mv_mconsumosdolares	0.000380161645844077	0.000656276720667543	0.00076723889901218
Master_msaldopesos_tend6	0.000377950685279564	0.00209804336400609	0.000537067229308526
Visa_mconsumototal_tend6	0.000373830585111505	0.0011269487864924	0.00122758223841949
mvr_mpagado_avg6	0.000372936110339936	0.000895239842369082	0.000786419871487484
mvr_msaldopesos2_delta1	0.000372075754910221	0.000387957097949281	0.000728876954061571
mv_mpagado_avg6	0.00037178039244968	0.000353142354803562	0.000748057926536875
mpayroll_sobre_edad_delta1	0.000368446542601536	0.000818056030044368	0.00093986765128992
Master_mpagominimo_tend6	0.000363203348934903	0.0010242318264664	0.000863143761388703
mv_msaldototal	0.000357119055111518	0.00105298236739462	0.00234007864198715
mv_mpagospesos_delta1	0.000356802560328061	0.000925592000937771	0.000997410568715834
mvr_msaldopesos_delta1	0.000354257382044975	0.000439488127929071	0.000882324733864007
Master_mconsumospesos_tend6	0.000352433196161952	0.000862362968081171	0.00103577251366644
mv_mconsumosdolares_avg6	0.000349575845136681	0.000603674996022024	0.00122758223841949
ccaja_ahorro_tend6	0.000345958819624586	0.00143333063121855	0.000249352642178959
mv_mconsumototal	0.000345142850949208	0.0006095862924228	0.00113167737604297
mv_cconsumos	0.000343209212411314	0.000441827020607133	0.00155365877049966
cplazo_fijo	0.000342363401123538	0.000691727863485653	7.6723889901218e-05
ctransferencias_recibidas_lag1	0.000341248964407832	0.00049912175040072	0.00093986765128992
mtarjeta_visa_debitos_automaticos_delta1	0.000340624064558724	0.000771180486655764	0.000728876954061571
ccaja_ahorro_lag1	0.000335556651267852	0.000986536295259733	0.000268533614654263
thomebanking_lag1	0.000333562494568008	0.000397040128201164	0.000632972091685048
Visa_mpagosdolares_avg6	0.000331591408311309	0.000404119809095021	0.000748057926536875
mv_status01_delta1	0.000329990885320552	0.00118089799364781	0.000268533614654263
mvr_mconsumototal_avg6	0.000329601556598138	0.000567354555319937	0.000997410568715834
mvr_mconsumosdolares_lag1	0.000329395343483704	0.000558436465138874	0.000728876954061571
ccajas_extracciones_tend6	0.000326173565349972	0.000674371637492693	0.000824781816438093
mautoservicio_tend6	0.000326048633304271	0.000935805189228554	0.00101659154119114
mv_msaldopesos_lag1	0.00032536559282831	0.00121603695375677	0.00178383044020332
Master_msaldopesos_lag1	0.000323228832746883	0.000493707397904303	0.000402800421981395
ctarjeta_debito_trx_delta1	0.000321522207673456	0.000412913663299994	0.000748057926536875
varnueva_01_tend6	0.000321485988465314	0.00129140677925112	0.000824781816438093
ccaja_seguridad_lag1	0.000320046523619114	0.000861909205912091	9.59048623765225e-05
matm_lag1	0.000319188936948683	0.000188445092757556	0.000537067229308526
varnueva_05_avg6	0.00031879604989	0.000565101672163783	0.00143857293564784
Visa_mconsumototal	0.000317829704391496	0.000397361513575207	0.000978229596240529
mextraccion_autoservicio_delta1	0.000316594730056029	0.000157300797110552	0.000517886256833221
mvr_mconsumototal	0.000313720176159651	0.000730930508043288	0.000748057926536875
mtransferencias_emitidas_delta1	0.000313510707610252	0.000396452573442449	0.000920686678814616
Visa_mpagosdolares_tend6	0.0003132686345212	0.000547072589787501	0.000556248201783831
mforex_sell_tend6	0.000312177759922313	0.000538030263630348	0.000517886256833221
mvr_msaldopesos	0.000308762293245667	0.000848177414093369	0.00143857293564784
Visa_status_tend6	0.000308650454408308	0.00237845988972952	0.000517886256833221
Master_cconsumos_avg6	0.00030773140036137	0.00149845859858148	0.00111249640356766
Master_cconsumos_tend6	0.000307382371318349	0.000690925815845143	0.000652153064160353
cpagomiscuentas	0.000302068364253858	0.000648340130092453	0.000652153064160353
Visa_mconsumosdolares_delta1	0.000297560205799692	0.000301863690211099	0.000786419871487484
Visa_Finiciomora_avg6	0.000296355825701653	0.00189673613126244	0.000230171669703654
ccuenta_debitos_automaticos	0.000295849624128135	0.000870020647120196	0.000287714587129568
mv_mconsumospesos_delta1	0.000295182065295226	0.000379552941207768	0.00076723889901218
cforex_sell_avg6	0.00029429877369476	0.000192042272885757	0.000517886256833221
Master_mpagospesos_lag1	0.000293751256964937	0.000387638190215786	0.000805600843962789
Master_mfinanciacion_limite_tend6	0.000288606658577389	0.00100696727317375	0.000479524311882612
ctarjeta_debito_trx_lag1	0.000287734570578938	0.000652692636639386	0.00151529682554906
ctarjeta_visa_debitos_automaticos	0.000287701107068025	0.000297506936280368	0.000613791119209744
mv_msaldodolares_avg6	0.000287078723635974	0.00185054229297341	0.000728876954061571
Visa_mpagado_tend6	0.000285986524718876	0.00105721630114386	0.000498705284357917
mv_msaldopesos_delta1	0.000284600339898617	0.000425418315149763	0.000824781816438093
mautoservicio_delta1	0.000284008427180287	0.000604948857212755	0.000997410568715834
Master_delinquency_tend6	0.000282821659985079	0.000749259738874624	0.000306895559604872
Master_mpagominimo_avg6	0.000282810893463831	0.00087971954802278	0.000882324733864007
mv_mconsumototal_avg6	0.000281400655381076	0.000522159206172067	0.000959048623765225
mplazo_fijo_dolares_tend6	0.000280595562814808	0.00119602682078741	0.000326076532080177
tpaquete7_tend6	0.00027886057257608	0.00223474081021016	0.000115085834851827
mvr_mconsumospesos_delta1	0.000277294374475464	0.000282755418401492	0.000748057926536875
ctransferencias_emitidas	0.000263131957720164	0.000943161657966577	0.000863143761388703
mv_cconsumos_delta1	0.000262741930491815	0.000615238852360551	0.000498705284357917
mv_status03_tend6	0.000257213717690217	0.00167703347928993	0.000249352642178959
mtarjeta_visa_debitos_automaticos	0.000256957660244981	0.000296436241614639	0.000959048623765225
mvr_mpagospesos_delta1	0.000256787738958356	0.000388949569963398	0.00107413445861705
ccajas_depositos_tend6	0.000256412476987643	0.000689869279125407	0.000402800421981395
mv_Finiciomora_tend6	0.000256348276787744	0.00178446857481814	0.000537067229308526
matm	0.000252024309053386	0.000220809449400517	0.000517886256833221
mvr_msaldodolares2_tend6	0.000249786138041716	0.00078587147931552	0.000556248201783831
mv_status05	0.000249285667649867	5.13190147385428e-05	0.000134266807327132
cseguro_accidentes_personales_avg6	0.000248991628643737	0.000329744579306691	0.000326076532080177
mv_status04_lag1	0.000246082681590042	3.60025948145414e-05	9.59048623765225e-05
mv_mconsumosdolares_tend6	0.000245463328333056	0.000568941661065766	0.000690515009110962
Master_delinquency_delta1	0.000241276075113781	0.000176153517994984	5.75429174259135e-05
mv_status02_tend6	0.000240475420564194	0.00151123826853216	0.000479524311882612
mvr_mconsumototal_tend6	0.000239305667354585	0.000163973083108458	0.000556248201783831
thomebanking_delta1	0.000239247743876169	0.000519488663609115	0.00038361944950609
mvr_mpagado_tend6	0.0002386087695298	0.000910089404023961	0.00038361944950609
Visa_Finiciomora_tend6	0.00023825794549301	0.00188600122266181	0.000441162366932003
ctarjeta_master_trx_avg6	0.000238136517790334	0.000646206527631291	0.000460343339407308
mvr_mpagominimo_lag1	0.000238083713299352	0.000706883236773983	0.000978229596240529
Master_mpagospesos_delta1	0.000237315875478911	0.000482266007798617	0.000517886256833221
ctarjeta_visa_debitos_automaticos_lag1	0.000237186811488272	0.000241310155198547	0.00059461014673444
catm_trx_tend6	0.000236686289163415	0.000611299049939317	0.000709695981586267
ccallcenter_trx_delta1	0.000236446747164314	0.000884547053657782	0.000613791119209744
internet	0.000234673729907296	0.000401609959219091	0.000460343339407308
mv_status06_avg6	0.000232787938003888	0.000247004481076978	0.000249352642178959
Master_mpagominimo_delta1	0.000229031484772798	0.000685048852463401	0.000728876954061571
ctarjeta_debito_lag1	0.000228165201771493	0.000328087745676846	0.000479524311882612
mv_mpagado_tend6	0.000227848910328264	0.00078642647079845	0.000402800421981395
ctarjeta_debito_tend6	0.000225383996023111	0.00271299233242243	0.000537067229308526
mtarjeta_master_consumo_lag1	0.000222518001408674	0.0010053203501061	0.00038361944950609
Master_mlimitecompra_tend6	0.000221735021075675	0.00166511885983943	0.000306895559604872
matm_delta1	0.000221484331471313	0.000244238726327223	0.000517886256833221
internet_delta1	0.000221166566312062	0.000605079464264541	0.000345257504555481
catm_trx_other_avg6	0.00022082652901255	0.000325334379129835	0.000460343339407308
mvr_mconsumototal_delta1	0.000219578422737612	0.000193261272035764	0.000556248201783831
mv_status02	0.000217854594825056	0.00120079981833033	0.00038361944950609
Master_cconsumos	0.000217735096617854	0.00047543267516504	0.000287714587129568
cforex_sell_tend6	0.000217375700998674	0.000782224038479043	0.000517886256833221
Visa_Fvencimiento_delta1	0.000217260127928007	0.000174274758561698	0.000306895559604872
mvr_mconsumosdolares_tend6	0.000214094615698276	0.000695256023627137	0.000671334036635657
Visa_status_avg6	0.000213902889277639	0.00275147469147767	0.000345257504555481
cpayroll_trx_tend6	0.00021289839174563	0.000441431659965275	0.000479524311882612
mv_cconsumos_lag1	0.000211060669799788	0.000231996704375627	0.000748057926536875
ctarjeta_master_trx_tend6	0.000210155049600249	0.000809697178730033	0.000556248201783831
Visa_fultimo_cierre_delta1	0.000204938053940671	0.000364998218778196	0.000613791119209744
mprestamos_prendarios_lag1	0.000203587243739185	0.00126475409197043	9.59048623765225e-05
ctransferencias_emitidas_lag1	0.000200631116373407	0.000177821677981623	0.000613791119209744
Master_mconsumospesos_delta1	0.000198632354358775	0.000230892030639514	0.00038361944950609
mpayroll_avg6	0.000198511804272267	0.00064746127559493	0.00103577251366644
ctarjeta_visa_descuentos_avg6	0.000198298023047055	0.00108324320721165	0.000268533614654263
mttarjeta_master_debitos_automaticos_avg6	0.000198228049751934	0.000629536254121698	0.000345257504555481
cforex_avg6	0.000197328757592874	0.00047008663475804	0.000863143761388703
Master_mpagado_tend6	0.00019711906735597	0.00068365287898848	0.000306895559604872
matm_other_tend6	0.000197080740609431	0.00105515065682347	0.000690515009110962
mv_mconsumosdolares_delta1	0.000195281237268752	0.000375604997967588	0.000498705284357917
mvr_mconsumototal_lag1	0.000194233758571873	0.00033338529511882	0.00109331543109236
mv_mconsumototal_lag1	0.000194161125344245	0.000872375821436151	0.00076723889901218
mv_msaldototal_delta1	0.000193165557865665	0.000483752592127894	0.000709695981586267
mv_status06	0.000192080271002055	0.00019411216458995	0.000287714587129568
mtarjeta_master_consumo_tend6	0.000191883991611588	0.000344856770859741	0.000498705284357917
mvr_msaldodolares2_avg6	0.00019146471646999	0.000442323610562842	0.000517886256833221
Master_mpagominimo	0.000191351748463538	0.000773437263247066	0.000441162366932003
Master_msaldototal_lag1	0.0001910660963707	0.000688119357000658	0.000441162366932003
varnueva_05_delta1	0.000190602568106222	0.00103927747567328	0.000901505706339311
tpaquete9_avg6	0.000189652922216124	0.000217712752663173	0.00017262875227774
Visa_mpagado	0.000189566140925136	0.000167030845494321	0.000230171669703654
ccallcenter_trx_lag1	0.000188640978421464	0.000724425639756752	0.000421981394456699
mv_status05_delta1	0.000188060386930054	0.00136694685404603	0.000326076532080177
mforex_buy_avg6	0.000187886794908987	0.000775376193950824	0.000134266807327132
tmobile_app_delta1	0.000186786704208813	0.000377401287365464	0.000441162366932003
Master_mpagospesos	0.00018485289911315	0.000230504456867952	0.000498705284357917
Master_mpagominimo_lag1	0.000184278323706205	0.000524529246331314	0.000690515009110962
mplazo_fijo_dolares	0.000180523734469561	0.00127837615970771	0.000210990697228349
tpaquete9	0.000177975286399922	0.000374653230048201	0.000134266807327132
mprestamos_prendarios	0.000177955854770897	0.00184003780494381	0.00017262875227774
mpayroll_sobre_edad_lag1	0.000177619353012246	0.000472773812907533	0.000575429174259135
Master_fechaalta_delta1	0.000177243728903609	0.000103116214103003	0.000421981394456699
Master_mconsumototal_tend6	0.000176677801499755	0.000474770791189862	0.000575429174259135
Master_msaldopesos_delta1	0.000175361798628756	0.000278600415201163	0.000517886256833221
cforex_tend6	0.000173725519965805	0.000875866816969404	0.000441162366932003
mv_status04	0.00017361230006279	0.000225376094880596	0.000441162366932003
mprestamos_hipotecarios_avg6	0.000173289883699507	0.00302287154375753	0.000191809724753045
cextraccion_autoservicio_delta1	0.000173202648520599	0.000148069816323042	0.000421981394456699
tcallcenter_delta1	0.000172319243738875	0.000330518311055214	0.000249352642178959
mpagomiscuentas_lag1	0.000168962473022498	0.000234203574207303	0.000786419871487484
mttarjeta_master_debitos_automaticos_tend6	0.000168363929920748	0.000835867787949656	0.000268533614654263
ctransferencias_recibidas_delta1	0.000166670213513151	0.000521261238447453	0.000421981394456699
mvr_mpagosdolares_avg6	0.000165905280073433	0.000457600388238062	0.000537067229308526
Visa_mlimitecompra_tend6	0.000165285411674493	0.00160503607653115	0.000306895559604872
tcuentas_avg6	0.000163620187928427	0.00122410769087015	0.000249352642178959
mextraccion_autoservicio_lag1	0.000163548438105487	0.000255784177335958	0.000421981394456699
Visa_delinquency	0.000159893395444667	0.000356338865060157	0.00017262875227774
Visa_msaldodolares_avg6	0.000155184682178673	0.00018925952860081	0.000326076532080177
varnueva_01_delta1	0.000153124438993254	0.000283410931300973	0.00038361944950609
mv_mlimitecompra_tend6	0.000152051150811183	0.00112791400446048	0.000268533614654263
mdescubierto_preacordado_lag1	0.000151577972337316	0.00049081492953791	0.000134266807327132
ccajas_consultas_delta1	0.000149859957761387	0.000945933429843379	0.000287714587129568
mcaja_ahorro_adicional_avg6	0.000148536228045547	0.000920019433394881	0.000230171669703654
mcuenta_debitos_automaticos_delta1	0.000148034252808462	0.000844728538449447	0.000421981394456699
cpagomiscuentas_lag1	0.0001469361298799	0.000249675377588579	0.000498705284357917
catm_trx_lag1	0.000146063538385946	7.00627194388275e-05	0.000268533614654263
mv_status02_avg6	0.000145978411116868	0.00150610070387991	0.000345257504555481
ctarjeta_visa_trx_delta1	0.000145599535175239	0.000290000039366169	0.000402800421981395
mplazo_fijo_dolares_avg6	0.000145068550796581	0.000421881306292033	0.000153447779802436
Master_mpagado_avg6	0.000141670128363715	0.000715741863581875	0.000306895559604872
Visa_mpagosdolares_lag1	0.000140374917629135	0.000226565716292668	0.000326076532080177
Master_mfinanciacion_limite_delta1	0.000138898148973039	0.0010071608830852	0.000287714587129568
cseguro_vivienda_avg6	0.000137084421891334	0.000386769600229108	0.000191809724753045
minversion1_pesos_avg6	0.000136331583935712	0.00100688197154914	9.59048623765225e-05
Master_mconsumototal	0.00013624292184927	0.000170372828645995	0.000421981394456699
mvr_mpagado	0.000134829022661558	0.00054828734155371	0.000326076532080177
mv_mconsumosdolares_lag1	0.000133677899842707	0.000311455698621435	0.000421981394456699
mvr_mpagosdolares_tend6	0.000132219442268407	0.000428366353454179	0.000402800421981395
mv_Fvencimiento_delta1	0.000131765161676568	0.00045119002424103	0.000268533614654263
cpayroll_trx_delta1	0.000131750483171412	0.000372291330707899	0.000498705284357917
mv_mpagosdolares_avg6	0.000130930428212843	0.000124921220675649	0.000191809724753045
Visa_msaldodolares_tend6	0.000129946051263669	0.000610188005127507	0.000287714587129568
mforex_sell_delta1	0.000129176742306713	0.000368133141969722	0.000230171669703654
ccuenta_debitos_automaticos_lag1	0.00012835295253586	0.000231179790891824	0.000306895559604872
mv_mconsumototal_tend6	0.000127948564715994	0.000228780372994641	0.000709695981586267
mpagomiscuentas_delta1	0.000127141438717655	0.000388242734509692	0.000326076532080177
ctarjeta_master_trx_lag1	0.000126552206586355	0.000115229044797412	0.000306895559604872
active_quarter_lag1	0.000125371624994793	0.00107589983457367	0.000268533614654263
ccajas_consultas	0.000125168333441156	0.00110533951352311	0.00017262875227774
ccomisiones_mantenimiento_lag1	0.000124634576847663	9.44550906417151e-05	0.000326076532080177
cextraccion_autoservicio_lag1	0.00012408195008808	0.000184806854585976	0.000345257504555481
cextraccion_autoservicio	0.000122792843606378	0.000100426912261611	0.000326076532080177
Master_mconsumospesos_lag1	0.000121463122423713	0.00033367305537113	0.000287714587129568
mvr_Master_mlimitecompra_delta1	0.000119852433827775	0.00121698942957346	0.000210990697228349
mtarjeta_master_consumo	0.000119318883204849	0.000756151826984073	0.000326076532080177
mttarjeta_master_debitos_automaticos_lag1	0.000119068623084072	0.000377703205563768	0.000306895559604872
mv_mpagado	0.000118755126729574	0.000373882683837526	0.000153447779802436
mvr_msaldodolares2_delta1	0.000118234741328174	0.00142824297332593	0.000249352642178959
mplazo_fijo_dolares_delta1	0.000117252165725255	0.000419237309877819	0.000134266807327132
mv_mpagosdolares_tend6	0.000114790162968382	0.000466629972243821	0.000306895559604872
mv_mpagado_delta1	0.000114481980926276	0.00027545982883124	0.000249352642178959
Visa_Finiciomora_lag1	0.000107806454225792	0.00157802342347358	0.000249352642178959
cseguro_accidentes_personales	0.000107559368027705	0.000105695083965649	0.00017262875227774
cplazo_fijo_avg6	0.000106028693921841	0.000566394292632954	0.000210990697228349
cpagomiscuentas_delta1	0.000105436327940766	0.000277881191544712	0.000287714587129568
Visa_mfinanciacion_limite_delta1	0.000105037689571475	0.00121724958183108	0.000287714587129568
catm_trx_other_tend6	0.000104938943820381	0.000584007839294339	0.000326076532080177
ccuenta_debitos_automaticos_delta1	0.000104674935198337	0.000611113580846807	0.00017262875227774
Visa_status_delta1	0.000103553079302215	0.000147794798222125	0.000134266807327132
cprestamos_personales_lag1	0.000101962534206624	0.000904219165666565	0.000249352642178959
mvr_mpagosdolares	0.000101902020076813	0.000674897251237688	0.000230171669703654
Visa_mpagosdolares	0.000101336026741057	0.000162615690036368	0.000268533614654263
mvr_msaldodolares_avg6	0.000101331352956151	0.000428431480005748	0.00059461014673444
cseguro_accidentes_personales_tend6	0.000100758673869195	0.00120180857198234	0.000153447779802436
mcheques_depositados_avg6	0.000100385225807213	0.00104543193479649	0.000249352642178959
catm_trx_other	9.9549838575191e-05	0.000123157494553557	0.000134266807327132
mv_status06_lag1	9.90917502967557e-05	0.000160893021957655	5.75429174259135e-05
Master_mconsumototal_delta1	9.79555826792901e-05	0.000229946633795824	0.000287714587129568
cseguro_vida_avg6	9.7828003983309e-05	0.000685556768775904	0.000306895559604872
catm_trx_delta1	9.77211050907156e-05	0.000214338206235714	0.000345257504555481
Master_mconsumospesos	9.76000823651146e-05	0.000215363595474266	0.000364438477030785
Master_Fvencimiento_delta1	9.72786274469514e-05	3.84338680902091e-05	0.000153447779802436
mcaja_ahorro_adicional_lag1	9.54354670665856e-05	0.000918928917604762	0.00017262875227774
mv_mfinanciacion_limite_delta1	9.46431995476449e-05	0.00135538512139941	9.59048623765225e-05
ccheques_depositados_avg6	9.40717360811233e-05	0.000623466388725799	0.000210990697228349
cprestamos_personales_delta1	9.38848590622846e-05	0.000908916418198431	0.000153447779802436
tmobile_app_lag1	9.34681750572283e-05	7.31650793545688e-05	0.000230171669703654
mcheques_emitidos_avg6	9.20114234187961e-05	0.000887154239412414	0.000153447779802436
mtarjeta_master_consumo_delta1	9.15143822734005e-05	0.000291799160353244	0.000249352642178959
mvr_msaldodolares_tend6	8.99097150249988e-05	0.000312323580710813	0.000249352642178959
Master_mconsumototal_lag1	8.94568981340939e-05	0.000247107126185428	0.000306895559604872
Master_mconsumosdolares_lag1	8.8874601746945e-05	0.00026898327643669	0.00017262875227774
active_quarter	8.88671797368587e-05	0.000188276259251589	0.000191809724753045
mcheques_emitidos_tend6	8.8765645233622e-05	0.00124778154631389	0.000134266807327132
Master_mlimitecompra_delta1	8.86067000253733e-05	0.000602382729501503	0.000210990697228349
cseguro_vida	8.8460938611033e-05	0.000289899164000968	9.59048623765225e-05
Visa_status	8.78828555922317e-05	0.000222045084137066	0.000153447779802436
Master_status	8.60742994859946e-05	0.000243832747225871	0.000210990697228349
cprestamos_prendarios_tend6	8.5098764226867e-05	0.00220111958191166	0.000153447779802436
matm_other	8.38346674862447e-05	0.000186015943173788	0.000345257504555481
Master_cconsumos_lag1	8.3827767317143e-05	0.0001206005695072	0.000306895559604872
ctarjeta_master_debitos_automaticos_avg6	8.1383882202226e-05	0.00033145308943941	0.000326076532080177
ctarjeta_master_trx	8.116906236414e-05	0.000253503686185118	0.000153447779802436
ccajas_consultas_lag1	8.07497229086119e-05	0.000801156751758336	0.00017262875227774
mextraccion_autoservicio	8.03806599870662e-05	0.000108349344890708	0.000306895559604872
mcaja_ahorro_adicional	8.01772928820954e-05	0.000521476439226549	9.59048623765225e-05
mv_madelantopesos_avg6	8.00276543965772e-05	0.0010598093289525	7.6723889901218e-05
mv_mconsumototal_delta1	7.8559878132828e-05	7.36050375263048e-05	0.000268533614654263
mplazo_fijo_dolares_lag1	7.68887171875854e-05	0.00021179685492995	0.000115085834851827
mtarjeta_visa_descuentos_delta1	7.61022329186461e-05	0.000110975997821081	0.000115085834851827
Visa_fechaalta_delta1	7.53608172346073e-05	0.00010439786216403	0.000210990697228349
cseguro_vida_tend6	7.34043449568418e-05	0.000768497555890069	0.00017262875227774
Master_msaldototal_delta1	7.29604333786125e-05	0.000230928133401796	0.000364438477030785
matm_other_lag1	7.20125095060855e-05	0.000267668003253929	0.000191809724753045
Master_mpagado_lag1	7.15943372332841e-05	0.000174539512151769	0.000115085834851827
Visa_mlimitecompra_delta1	7.07379967427689e-05	0.000262619987610084	0.000210990697228349
mvr_msaldodolares2	7.01219061816576e-05	0.00032859495409205	0.00017262875227774
ccheques_depositados_delta1	6.80478729817351e-05	0.000491051367235995	7.6723889901218e-05
mcheques_depositados_tend6	6.783802444747e-05	0.000676757605341183	0.000153447779802436
Visa_msaldodolares_delta1	6.76452283846609e-05	4.62072883377287e-05	0.00017262875227774
ccheques_emitidos_tend6	6.72808318270616e-05	0.00022816556418989	5.75429174259135e-05
catm_trx	6.55268408773821e-05	0.000393872287785204	0.000268533614654263
mcheques_depositados	6.39385121446036e-05	0.000340152439354879	3.8361944950609e-05
mvr_Visa_mlimitecompra_delta1	6.36358545385668e-05	0.000581191823836308	0.000134266807327132
ccheques_emitidos_avg6	6.28073375540394e-05	0.000624982704741662	0.000115085834851827
Visa_mpagado_lag1	6.24681602995925e-05	0.000316601758041282	0.000191809724753045
ctransferencias_emitidas_delta1	6.24071322783417e-05	0.000316907215726084	0.000306895559604872
mv_msaldodolares_tend6	6.21960261774113e-05	0.000234278965269717	0.000230171669703654
ctarjeta_master_descuentos_avg6	6.20724399672803e-05	0.000418625686610916	0.000153447779802436
mtarjeta_visa_descuentos_avg6	6.18641900666752e-05	0.000332978254171518	0.000210990697228349
Master_cadelantosefectivo_tend6	6.16760707955384e-05	0.000119846304934417	7.6723889901218e-05
Master_msaldodolares_avg6	6.16104687004712e-05	0.000340063244295122	5.75429174259135e-05
matm_other_delta1	6.07095213214869e-05	0.000253779766131983	0.000249352642178959
tcuentas_tend6	6.05483596072111e-05	0.00148550797143293	0.000153447779802436
mv_mlimitecompra_delta1	6.00518700320021e-05	0.000150329070554893	9.59048623765225e-05
cliente_vip_avg6	5.88357741187786e-05	0.000850454365757712	3.8361944950609e-05
Master_Finiciomora	5.87542402273614e-05	0.000553065294377737	7.6723889901218e-05
catm_trx_other_delta1	5.86468356143123e-05	0.000544087032926203	0.00017262875227774
mv_status03_avg6	5.86105026244272e-05	1.40015006898909e-05	7.6723889901218e-05
mprestamos_prendarios_delta1	5.79270466513564e-05	0.000738722687569249	5.75429174259135e-05
ccajas_trx_delta1	5.76804230033928e-05	6.99621980222764e-05	0.000115085834851827
cseguro_auto_avg6	5.72962738708876e-05	0.00187378787055085	0.000134266807327132
mv_status03	5.72433308511774e-05	4.84261924234997e-05	0.000153447779802436
Visa_mpagado_delta1	5.6710283505009e-05	0.000231141564437643	0.000230171669703654
mvr_msaldodolares	5.61478189981664e-05	0.000373932944545801	0.000153447779802436
cseguro_vivienda_lag1	5.5995544647806e-05	0.000139695745216764	9.59048623765225e-05
mvr_madelantopesos_tend6	5.5695385168776e-05	0.000242255905990888	3.8361944950609e-05
mv_msaldodolares_lag1	5.53839806321063e-05	0.00018895088537816	0.000210990697228349
mvr_msaldodolares2_lag1	5.47485530147201e-05	0.000384531582916247	0.00017262875227774
cforex_buy_avg6	5.42903370106876e-05	0.000232361271484949	5.75429174259135e-05
mvr_mconsumosdolares_delta1	5.36811467181736e-05	9.75351517925173e-05	0.000306895559604872
ccheques_depositados_tend6	5.28724142455015e-05	4.66897203474441e-05	7.6723889901218e-05
ccajas_extracciones_lag1	5.28722946691984e-05	8.91971834485221e-05	0.000153447779802436
mv_msaldodolares_delta1	5.13841557513321e-05	9.44012904469413e-05	0.000134266807327132
Master_Finiciomora_tend6	5.13492201322004e-05	0.000593489769674577	0.000115085834851827
mprestamos_prendarios_avg6	5.121512864945e-05	0.00143705452496339	0.000153447779802436
minversion1_pesos_tend6	5.1213450616953e-05	0.000907313030814711	5.75429174259135e-05
ccajas_depositos_delta1	5.09707104183541e-05	0.00126747737288221	9.59048623765225e-05
Master_mpagosdolares_avg6	5.0943811805666e-05	2.56807442882611e-05	9.59048623765225e-05
Master_cconsumos_delta1	5.08858057391033e-05	5.18722364782238e-05	0.00017262875227774
mv_status02_delta1	4.90828963005644e-05	8.91345345375026e-05	0.00017262875227774
Master_Finiciomora_lag1	4.83142234897275e-05	0.00129075197424894	0.000153447779802436
cplazo_fijo_tend6	4.81568436655012e-05	1.79947493572489e-05	1.91809724753045e-05
ctarjeta_master_trx_delta1	4.80140796442717e-05	0.00011196386850275	0.000210990697228349
cforex_buy_tend6	4.76942228367635e-05	0.000440572626592143	5.75429174259135e-05
minversion2_avg6	4.74421001342279e-05	0.000629424760297002	7.6723889901218e-05
Master_mconsumosdolares_tend6	4.73068755851242e-05	0.000486959366895335	0.000210990697228349
mprestamos_hipotecarios	4.67946814403629e-05	0.000269263957716003	1.91809724753045e-05
ctarjeta_master_descuentos_tend6	4.65592215486785e-05	0.000989533886375126	9.59048623765225e-05
Master_mpagado_delta1	4.65556749098989e-05	0.000146888689678566	0.00017262875227774
mvr_msaldodolares_lag1	4.64713721567967e-05	0.00101536045750712	0.000345257504555481
ctarjeta_visa_debitos_automaticos_delta1	4.63873317871434e-05	0.000153844488544983	0.000153447779802436
ccheques_depositados	4.61375947139742e-05	0.000123265802840404	5.75429174259135e-05
tpaquete7	4.60618030994832e-05	0.000144891003498937	7.6723889901218e-05
minversion2	4.57590625341933e-05	0.00122298779734209	7.6723889901218e-05
Master_mpagosdolares_tend6	4.55500025017635e-05	0.00030005324286723	0.000249352642178959
mvr_mpagado_delta1	4.53850858019453e-05	0.00018983646490003	0.00017262875227774
Visa_msaldodolares	4.49635913496086e-05	9.02080607924305e-05	0.000210990697228349
Master_msaldodolares_tend6	4.31911017350664e-05	0.000195551319800151	0.000153447779802436
tcuentas_delta1	4.31581595918651e-05	0.00252200765810236	0.000115085834851827
mcheques_emitidos_lag1	4.27712587191235e-05	6.02940906522281e-05	0.000115085834851827
Master_mconsumosdolares_avg6	4.20255860748254e-05	0.000127707150498444	0.000249352642178959
Master_mconsumosdolares_delta1	4.12154589253192e-05	8.23111124661209e-05	0.000115085834851827
tcallcenter_lag1	4.08768761248373e-05	0.000116170194257305	0.000191809724753045
ctarjeta_master_debitos_automaticos_lag1	4.07672585380211e-05	0.000136893887704727	7.6723889901218e-05
cseguro_vivienda_tend6	4.07501833426454e-05	0.000673595782052271	7.6723889901218e-05
tpaquete7_lag1	4.06627363244961e-05	0.000141206752002879	1.91809724753045e-05
mcaja_ahorro_adicional_tend6	4.05935235805182e-05	0.000326057142272784	7.6723889901218e-05
tcuentas_lag1	3.98908119973278e-05	0.000385749874168954	9.59048623765225e-05
ccajas_otras_delta1	3.96583755908575e-05	0.000294976203434099	5.75429174259135e-05
mvr_mpagosdolares_lag1	3.90295854842598e-05	5.20393002409425e-05	7.6723889901218e-05
cseguro_accidentes_personales_lag1	3.89386636388897e-05	3.70955882452099e-05	7.6723889901218e-05
ccajas_trx_lag1	3.88769669754651e-05	0.000164035024122177	0.00017262875227774
mvr_msaldodolares_delta1	3.83377860807281e-05	0.000117942061198343	0.000134266807327132
mv_status02_lag1	3.78437220583858e-05	0.000131160627474815	7.6723889901218e-05
mv_cadelantosefectivo_lag1	3.76581261065346e-05	0.000201121763651142	1.91809724753045e-05
Master_msaldodolares_lag1	3.75282027897091e-05	2.59575321324265e-05	7.6723889901218e-05
mv_madelantopesos_tend6	3.7281690747313e-05	0.000329721926593102	3.8361944950609e-05
tpaquete9_lag1	3.69363313440727e-05	0.000182046409065968	1.91809724753045e-05
mcheques_emitidos_delta1	3.64735874327362e-05	0.000241946554870938	5.75429174259135e-05
Master_madelantopesos_tend6	3.6207853638136e-05	0.00012728312001595	5.75429174259135e-05
Master_delinquency	3.59544244931638e-05	0.000127416204708286	5.75429174259135e-05
Visa_mpagosdolares_delta1	3.59304122453007e-05	0.000136684350104028	0.000441162366932003
cpayroll_trx_lag1	3.53489998501886e-05	0.000347857901461632	0.000575429174259135
mtarjeta_visa_descuentos_tend6	3.51827725753905e-05	6.25586541138268e-05	5.75429174259135e-05
mforex_buy_tend6	3.50490372195668e-05	0.000378188469162682	9.59048623765225e-05
mforex_buy_lag1	3.48435108732293e-05	5.31970662745295e-05	1.91809724753045e-05
Visa_Finiciomora_delta1	3.35568188269029e-05	0.000139102881228302	1.91809724753045e-05
ctarjeta_master_tend6	3.34542433240248e-05	8.48089280879562e-05	7.6723889901218e-05
mv_status03_delta1	3.33006671726803e-05	0.000417419075663653	9.59048623765225e-05
mcheques_depositados_delta1	3.31122392957192e-05	6.66085345651573e-05	5.75429174259135e-05
ctarjeta_master_debitos_automaticos_tend6	3.22488300346926e-05	0.000349532078575318	9.59048623765225e-05
mpagodeservicios_avg6	3.20220905739331e-05	0.000173047618592744	1.91809724753045e-05
active_quarter_delta1	3.19964840169271e-05	0.000453998960726064	7.6723889901218e-05
tpaquete7_avg6	3.19960684931459e-05	0.000284115643062781	3.8361944950609e-05
mttarjeta_master_debitos_automaticos_delta1	3.16743939454321e-05	0.000136360487089436	9.59048623765225e-05
catm_trx_other_lag1	3.10480362011464e-05	5.21292031979988e-05	7.6723889901218e-05
minversion1_pesos	3.05893277093038e-05	0.000185913652013988	1.91809724753045e-05
Visa_cadelantosefectivo_avg6	2.97563827355872e-05	0.000494572094455833	5.75429174259135e-05
ctarjeta_master_avg6	2.92529084374168e-05	0.000649524442274777	0.000153447779802436
mtarjeta_visa_descuentos_lag1	2.86126413348825e-05	9.55448985345352e-05	9.59048623765225e-05
mv_msaldodolares	2.75493494137621e-05	9.82749044706575e-05	5.75429174259135e-05
cprestamos_hipotecarios_tend6	2.62001937886351e-05	0.000348015762559455	3.8361944950609e-05
ccajeros_propios_descuentos_tend6	2.61405908001627e-05	8.88460663878929e-05	5.75429174259135e-05
mttarjeta_master_debitos_automaticos	2.60038051451211e-05	4.43419789531359e-05	9.59048623765225e-05
mv_mpagado_lag1	2.53800938575592e-05	0.000167880676202557	0.000134266807327132
cforex_delta1	2.50516902201304e-05	0.000107991856754382	0.000115085834851827
tcuentas	2.41043411846917e-05	7.89939057199341e-05	5.75429174259135e-05
mforex_sell	2.38118539663276e-05	0.000272863969433402	9.59048623765225e-05
cinversion1_avg6	2.26859328064072e-05	0.0002209478433226	9.59048623765225e-05
mv_mpagosdolares	2.2665759697015e-05	4.10881290152683e-05	0.000115085834851827
cinversion1_tend6	2.25661702672706e-05	0.000265562362736103	3.8361944950609e-05
ccajas_extracciones	2.21173370686935e-05	0.00011023659909159	5.75429174259135e-05
mcajeros_propios_descuentos_avg6	2.20876502774404e-05	0.00019499774411182	3.8361944950609e-05
ccajeros_propios_descuentos_avg6	2.15692065937413e-05	0.000203142810441659	3.8361944950609e-05
tcallcenter	2.12525452293305e-05	0.000126554339745955	0.000210990697228349
mforex_sell_lag1	2.11675517317264e-05	1.61712059133357e-05	9.59048623765225e-05
cseguro_vivienda	2.09410967945844e-05	0.000215225909449483	7.6723889901218e-05
Visa_cadelantosefectivo_lag1	2.08684237199309e-05	1.31881266925864e-05	3.8361944950609e-05
ctarjeta_visa	2.07364546626478e-05	3.68407452173338e-05	7.6723889901218e-05
cprestamos_hipotecarios_avg6	2.05751266245307e-05	0.000625526723816447	5.75429174259135e-05
minversion2_lag1	1.99635410002869e-05	0.000203776378524851	3.8361944950609e-05
ccajas_otras_lag1	1.95434598026789e-05	0.000191373309937582	1.91809724753045e-05
Master_cadelantosefectivo_avg6	1.89460421496049e-05	0.00018023419197885	3.8361944950609e-05
ctarjeta_visa_avg6	1.88530165265711e-05	0.000485506761636441	9.59048623765225e-05
mcheques_depositados_rechazados_avg6	1.86854721285105e-05	0.00045748146149172	5.75429174259135e-05
Master_msaldodolares_delta1	1.86711423994306e-05	0.000125973863960237	0.000115085834851827
Visa_madelantopesos_delta1	1.84927268910273e-05	3.54989258858364e-05	3.8361944950609e-05
Master_mpagado	1.7892497976721e-05	0.000110992279458973	0.000115085834851827
mvr_mpagado_lag1	1.74319343333104e-05	3.79040069614167e-05	9.59048623765225e-05
ctarjeta_master	1.73122304773119e-05	0.000866748391852538	0.000134266807327132
cinversion2_lag1	1.72685953678494e-05	0.000208282498785809	3.8361944950609e-05
Master_delinquency_lag1	1.67282480685084e-05	6.3247084237742e-06	3.8361944950609e-05
cforex	1.66834117291068e-05	1.2623578596111e-05	3.8361944950609e-05
Visa_delinquency_delta1	1.6440934197642e-05	2.99022898347581e-05	5.75429174259135e-05
cseguro_auto	1.62067251131502e-05	0.00024763875705747	3.8361944950609e-05
Master_madelantopesos_avg6	1.60108918657553e-05	0.00017832145347518	5.75429174259135e-05
mcheques_emitidos	1.48739586993143e-05	3.98829338626044e-06	1.91809724753045e-05
cinversion1_lag1	1.4852319203916e-05	0.000128714134407205	1.91809724753045e-05
ccajas_trx	1.47694776487154e-05	7.28585598238178e-05	0.000134266807327132
mv_cadelantosefectivo_avg6	1.4648234814007e-05	0.00016577680542798	1.91809724753045e-05
mcheques_depositados_lag1	1.45835371468268e-05	1.35979992290871e-05	3.8361944950609e-05
Visa_madelantodolares_lag1	1.43216027833994e-05	6.5774277597513e-06	5.75429174259135e-05
ctarjeta_visa_descuentos	1.41251349213572e-05	0.000232477720590743	3.8361944950609e-05
Visa_madelantopesos	1.40977904651678e-05	3.96404790374723e-05	0.000115085834851827
cforex_sell_delta1	1.39578616372891e-05	3.55155614723783e-05	3.8361944950609e-05
Master_cadelantosefectivo	1.3859143838616e-05	1.587459694478e-05	7.6723889901218e-05
cprestamos_prendarios_avg6	1.34634353817545e-05	0.000296233075089638	3.8361944950609e-05
mvr_mpagosdolares_delta1	1.30065991471339e-05	0.000250375841966589	5.75429174259135e-05
ccajas_otras	1.29407304671167e-05	0.000119129204969866	3.8361944950609e-05
mcheques_emitidos_rechazados_lag1	1.28098493088105e-05	0.000409499828572404	1.91809724753045e-05
cforex_sell_lag1	1.26448740014017e-05	3.21158846907816e-05	0.000115085834851827
ccaja_seguridad_tend6	1.19787548944474e-05	0.000717481521195778	3.8361944950609e-05
cseguro_vida_lag1	1.19109841946453e-05	0.000274653533806932	5.75429174259135e-05
ccheques_emitidos_rechazados_tend6	1.18605372266069e-05	0.000435933421638849	3.8361944950609e-05
cliente_edad_delta1	1.14958759372621e-05	0.000299937147710086	5.75429174259135e-05
ctarjeta_visa_descuentos_tend6	1.14168892636415e-05	3.5674484416151e-05	5.75429174259135e-05
ctarjeta_master_debitos_automaticos	1.13708886544834e-05	7.07451324356956e-05	3.8361944950609e-05
mcheques_emitidos_rechazados_avg6	1.128256283891e-05	0.000186850200141432	3.8361944950609e-05
mv_cadelantosefectivo_tend6	1.11764180284252e-05	0.000121963625757687	3.8361944950609e-05
Master_mpagosdolares	1.11736721427667e-05	2.86737340712056e-05	7.6723889901218e-05
mv_status01_lag1	1.09804348161167e-05	0.000113781394819617	1.91809724753045e-05
ccheques_depositados_rechazados_avg6	1.07935858303655e-05	0.000113718038011297	1.91809724753045e-05
Master_mconsumosdolares	1.00347739599203e-05	8.29560069061073e-05	0.000153447779802436
minversion2_tend6	9.14939868978248e-06	0.00081907894164237	5.75429174259135e-05
cseguro_vivienda_delta1	8.8403398744218e-06	0.000269607641854986	1.91809724753045e-05
mcheques_depositados_rechazados_tend6	8.49898209576541e-06	0.000248888195791362	1.91809724753045e-05
ccajas_depositos_lag1	8.43965397896252e-06	0.000114450711716441	3.8361944950609e-05
Visa_madelantodolares_delta1	8.32680624553243e-06	1.16661474983266e-05	1.91809724753045e-05
Visa_madelantodolares	7.98561252997438e-06	4.88226149113069e-05	7.6723889901218e-05
minversion1_dolares_avg6	7.96599642384135e-06	7.70372775836857e-05	1.91809724753045e-05
mprestamos_hipotecarios_tend6	7.65707100596767e-06	5.65468362965005e-06	1.91809724753045e-05
ctarjeta_master_descuentos_delta1	7.57668904419733e-06	2.27765956164234e-05	1.91809724753045e-05
ccheques_emitidos	7.37805177934573e-06	0.000269129103280419	1.91809724753045e-05
Visa_madelantopesos_avg6	7.34327446941838e-06	0.000305159660038296	5.75429174259135e-05
cprestamos_prendarios	7.10889144968317e-06	0.000202274574403631	1.91809724753045e-05
Master_mpagosdolares_delta1	6.83725456275263e-06	0.000117791279073516	0.000115085834851827
Visa_status_lag1	6.66106741511205e-06	0.000181761834351507	1.91809724753045e-05
minversion1_pesos_delta1	5.90742555826537e-06	0.000244078033640201	1.91809724753045e-05
cpagodeservicios_avg6	5.47836806769993e-06	0.00018882912704262	1.91809724753045e-05
tpaquete7_delta1	5.41970432810721e-06	0.000406153951985582	1.91809724753045e-05
minversion2_delta1	5.36876771790526e-06	5.14425428173328e-05	1.91809724753045e-05
mv_status03_lag1	5.34574723958908e-06	7.4676086140684e-06	1.91809724753045e-05
cseguro_auto_lag1	5.2966900872291e-06	2.64176653772027e-05	1.91809724753045e-05
Visa_madelantopesos_tend6	4.68649687088692e-06	2.56011058420498e-06	1.91809724753045e-05
ctarjeta_master_debitos_automaticos_delta1	4.18978585860973e-06	0.000144259913056294	5.75429174259135e-05
mtarjeta_master_descuentos_delta1	4.0797745454266e-06	1.5471449432626e-05	1.91809724753045e-05
mtarjeta_master_descuentos	4.05279353406499e-06	1.98374060282528e-05	1.91809724753045e-05
ccajas_depositos	4.04133821163583e-06	0.000112433558361072	1.91809724753045e-05
Master_status_delta1	3.95521298339307e-06	4.11415752613923e-05	7.6723889901218e-05
cforex_lag1	3.90389095205525e-06	2.92131518135432e-05	7.6723889901218e-05
cforex_sell	3.3468716264304e-06	3.87821535616397e-06	1.91809724753045e-05
cseguro_vida_delta1	3.31536209711362e-06	0.000311664528324833	1.91809724753045e-05
mtarjeta_master_descuentos_avg6	2.93954176685278e-06	8.23404902040566e-05	1.91809724753045e-05
ccajas_extracciones_delta1	2.17489977180334e-06	2.6001775713655e-05	3.8361944950609e-05
ccheques_emitidos_delta1	2.09408067536087e-06	3.38941227075168e-06	1.91809724753045e-05
mv_status07_lag1	2.08506396292283e-06	1.84424943992812e-05	1.91809724753045e-05
mcajeros_propios_descuentos_tend6	1.83697015131901e-06	1.19751446696263e-05	1.91809724753045e-05
mv_mpagosdolares_delta1	1.34169959908126e-06	9.49750412083123e-06	3.8361944950609e-05
Visa_cadelantosefectivo_tend6	1.15625481824752e-06	0.000103111966719205	3.8361944950609e-05
mcajeros_propios_descuentos_lag1	1.03597356070931e-06	5.67107145213708e-05	1.91809724753045e-05
ccheques_depositados_rechazados_delta1	1.01323669081493e-06	8.95702453254407e-06	1.91809724753045e-05
Visa_cadelantosefectivo_delta1	7.17070012608951e-07	1.37930249351423e-05	3.8361944950609e-05
ccheques_depositados_lag1	6.91972914472975e-07	1.27566632884463e-05	1.91809724753045e-05
cinversion2_tend6	1.68552126190515e-07	0.000102417165519593	1.91809724753045e-05
Visa_delinquency_lag1	3.02013694198313e-10	1.66224904418662e-05	1.91809724753045e-05
Master_msaldodolares	2.33604639364351e-10	4.15748084087816e-06	1.91809724753045e-05
Visa_cadelantosefectivo	1.43820396235505e-10	2.26243976969974e-06	1.91809724753045e-05
Master_madelantodolares	1.02362493734931e-11	2.2935872508846e-06	1.91809724753045e-05
Master_mpagosdolares_lag1	2.0784997519358e-13	5.37364840168672e-06	3.8361944950609e-05
mv_mpagosdolares_lag1	1.35710908765455e-13	5.74352474075684e-06	1.91809724753045e-05
Master_madelantodolares_delta1	3.4890913426657e-14	9.61926245637201e-06	1.91809724753045e-05
