Feature	Gain	Cover	Frequency
Visa_status	0.132510754242587	0.00663404799625739	0.000929800092980009
mcuenta_corriente_lag1	0.0551920052998526	0.0106150939044981	0.00609535616509117
ctarjeta_visa_trx	0.0471545087202573	0.00547338948819206	0.0088847564440312
cpayroll_trx	0.0358270230637043	0.00514087395572024	0.00147218348055168
mrentabilidad	0.0267095230449261	0.00377366557488765	0.0046748282452606
Visa_msaldototal	0.0245804126911636	0.00525234175252454	0.00656025621158118
mrentabilidad_avg6	0.0242725687092107	0.00504873172007646	0.00565628389896172
mcuenta_corriente_delta1	0.0210818608971025	0.00488719310642259	0.00472648380598171
Visa_status_tend6	0.0205917187725066	0.00283951506853479	0.00116225011622501
mcomisiones_mantenimiento	0.0131407557375637	0.00402856774766687	0.00302185030218503
mprestamos_personales	0.012619054786662	0.00459272123429025	0.00142052791983057
mpayroll	0.00941046044454011	0.00629091369360386	0.00343509478795392
ctrx_quarter	0.00829765118540764	0.0161865835800056	0.00924634536907898
mcuentas_saldo	0.00827792695859322	0.00963698264459803	0.00821323415465675
ctrx_quarter_avg6	0.00652160395502286	0.00578791006706912	0.00826488971537786
mprestamos_personales_tend6	0.00602614162445346	0.00595034510557586	0.00162715016271502
mautoservicio	0.00601494269594609	0.0043715302478637	0.00312516142362725
mcuenta_corriente_avg6	0.00554999411641888	0.00650708105805162	0.00606952838473062
mactivos_margen	0.00544910408971055	0.00518831161686532	0.00808409525285397
mrentabilidad_annual_delta1	0.00518008730487835	0.00391603123128238	0.00769667854744563
mtransferencias_recibidas	0.00498894889027472	0.00517362964474212	0.00428741153985227
mactivos_margen_lag1	0.00477155647520154	0.003465714347829	0.00697350069735007
mcomisiones_otras	0.00461222775738406	0.00253395972272755	0.00477813936670283
mcaja_ahorro	0.00457201141585461	0.00499953173000596	0.0084198563975412
mcuenta_corriente_tend6	0.00452424986474716	0.00370600051275206	0.00498476160958727
cliente_edad_avg6	0.00414181759393867	0.0036550598536647	0.00501058938994783
Visa_Fvencimiento_lag1	0.00412269330554837	0.0041811686954073	0.00609535616509117
mrentabilidad_annual_tend6	0.00406898241505715	0.003668453553498	0.00656025621158118
mrentabilidad_annual_lag1	0.00388496572988252	0.0040591328322982	0.00702515625807118
cliente_edad_lag1	0.0038478053409796	0.00374731728064048	0.00568211167932228
Visa_Fvencimiento	0.00376611220952124	0.00493612431671843	0.00575959502040395
foto_mes	0.00371537942763546	0.00412103192831547	0.00382251149336226
mtarjeta_visa_consumo	0.00369404741957965	0.00411127856993569	0.00945296761196343
ctrx_quarter_lag1	0.00366729280042004	0.00429438257620559	0.0077741618885273
ctrx_quarter_delta1	0.0036658508654492	0.00323433631258041	0.0057854228007645
mrentabilidad_tend6	0.00361192669745252	0.00278637199056129	0.00482979492742394
ctrx_quarter_tend6	0.0035590051352787	0.00309393629288939	0.00387416705408337
ctarjeta_visa_delta1	0.00355074820662659	0.0013621320858943	0.000206622242884447
Visa_mfinanciacion_limite	0.00346558451815965	0.00239476724293991	0.00441655044165504
mcomisiones_otras_tend6	0.00345930044931385	0.00177802694417704	0.00382251149336226
Visa_mpagospesos_tend6	0.00345549346511138	0.00211434034471023	0.00304767808254559
mcaja_ahorro_tend6	0.00336211909342927	0.00267504547543342	0.00364171703083837
mcuentas_saldo_avg6	0.00335434661814667	0.00422306092768505	0.00418410041841004
mdescubierto_preacordado_delta1	0.00333412240212726	0.00402104535987091	0.000490727826850561
mes	0.0033295443484959	0.00163597387964479	0.00196291130740224
Master_fechaalta_lag1	0.00327294963619924	0.00398832363752385	0.00539800609535617
mpasivos_margen	0.00326170174911885	0.0071977589315668	0.00792912857069063
Visa_Fvencimiento_avg6	0.00324292103791249	0.00378137207190655	0.0049072782685056
Master_Fvencimiento_avg6	0.0031394464926527	0.00370784800449987	0.00586290614184617
cliente_edad	0.00307310605066504	0.0042406714179025	0.00537217831499561
numero_de_cliente	0.00304218292213501	0.00308302412940054	0.00436489488093393
Visa_mpagominimo	0.00300998467653473	0.00450289119388746	0.00658608399194173
mrentabilidad_annual	0.00300884921298614	0.00255397593960941	0.00410661707732838
ctransferencias_recibidas_avg6	0.00292070494044946	0.00374799661413687	0.00581125058112506
mcuenta_corriente	0.00287089555384407	0.00442218588224497	0.00374502815228059
Visa_fechaalta_avg6	0.00285845800135093	0.00241308020337427	0.00439072266129449
ccomisiones_otras_tend6	0.00282867183215779	0.00313445558232551	0.00400330595588615
cliente_antiguedad_lag1	0.00279312633273374	0.00323770245928212	0.00472648380598171
mcaja_ahorro_dolares_delta1	0.00278267560733081	0.00418290296490571	0.00273774471821892
Visa_fechaalta	0.00275379966431391	0.00268438828009146	0.00542383387571672
mcomisiones_tend6	0.0027491030601649	0.00217658993742998	0.00340926700759337
mcaja_ahorro_lag1	0.00274897944407303	0.00632737716515824	0.00699932847771063
Master_Fvencimiento_lag1	0.00274677204441658	0.00225730607902677	0.0044423782220156
Visa_mpagominimo_avg6	0.00273743785404356	0.0027895673193476	0.00364171703083837
mcaja_ahorro_avg6	0.00273000825469059	0.00411210263100305	0.00547548943643783
Visa_cconsumos_avg6	0.00272673675307658	0.00213846012972683	0.00389999483444393
mcomisiones_avg6	0.00272341161927974	0.0029761088515634	0.00410661707732838
mactivos_margen_avg6	0.00269035651499504	0.00516614516178617	0.00617283950617284
Visa_fechaalta_lag1	0.00265773945802402	0.00395227613466835	0.00526886719355339
Master_fultimo_cierre_avg6	0.00262468345592281	0.0032297882240491	0.00415827263804949
Master_fechaalta_avg6	0.00261647657263562	0.00256693250310589	0.00550131721679839
mcuentas_saldo_tend6	0.00259643898458422	0.00255029572423328	0.00495893382922672
mpasivos_margen_tend6	0.00256428472950856	0.0013765895826013	0.0024536391342528
Visa_fultimo_cierre	0.00251506218875537	0.00476951925353926	0.00431323932021282
ctarjeta_visa_trx_tend6	0.00249907361879196	0.00294538328670031	0.00369337259155948
Master_fechaalta	0.00248279470882772	0.00299673646859201	0.00495893382922672
mcuentas_saldo_delta1	0.00245808957380562	0.00303588133837455	0.00459734490417894
Master_Fvencimiento	0.00242301908251595	0.00272344404888644	0.0050880727310295
mpasivos_margen_lag1	0.00241504516816017	0.00329618273563817	0.00575959502040395
mactivos_margen_tend6	0.0024094539509323	0.00332045118639095	0.00359006147011726
mdescubierto_preacordado_avg6	0.00240594234916724	0.00131005182025321	0.000981455653701121
chomebanking_trx_delta1	0.00237301393295333	0.00361189854765238	0.00377085593264115
chomebanking_trx_avg6	0.00237185915446172	0.00242129521597417	0.00441655044165504
Visa_mfinanciacion_limite_lag1	0.00235421520417434	0.00229869176480613	0.00322847254506948
cproductos_avg6	0.00233019487348054	0.00329715989287755	0.00426158375949171
mcomisiones_mantenimiento_tend6	0.00232781445284341	0.00466420828574904	0.00299602252182447
mrentabilidad_delta1	0.002325852036335	0.00163567162546595	0.00346092256831448
ctarjeta_debito_trx_avg6	0.0022806834189433	0.00221698025195592	0.00462317268453949
ctarjeta_visa_trx_avg6	0.00224701048670446	0.00319752529794744	0.00464900046490005
tcallcenter_tend6	0.00223496228658716	0.00538307653028205	0.00322847254506948
mcomisiones	0.00221318724842535	0.00109295800244297	0.00302185030218503
chomebanking_trx_lag1	0.00221271537685844	0.00180378057547954	0.00451986156309727
Visa_mconsumospesos_tend6	0.00220726098127647	0.00196957486889889	0.00472648380598171
Visa_mconsumospesos_lag1	0.00220653305798789	0.00243550411600314	0.00488145048814505
mcuentas_saldo_lag1	0.0022044737607484	0.00201723897454276	0.00524303941319283
mrentabilidad_lag1	0.00219396293491288	0.00246937332123433	0.00439072266129449
cmobile_app_trx_avg6	0.00218679038055893	0.00201223898155516	0.00343509478795392
mpasivos_margen_avg6	0.00218100744413626	0.00320166381729831	0.0049072782685056
mrentabilidad_annual_avg6	0.00214535287682933	0.00218614392619669	0.00351257812903559
cproductos	0.00214116530385594	0.00295144412293773	0.00317681698434837
Visa_msaldopesos_tend6	0.00210822734494567	0.00268019708778109	0.00387416705408337
cliente_antiguedad_avg6	0.00210286630080618	0.00290348465490411	0.0042099281987706
ccomisiones_otras_avg6	0.00209425699990783	0.00407581490007057	0.00542383387571672
Master_fechaalta_tend6	0.00208193291437302	0.00124635593636504	0.00320264476470892
Master_mfinanciacion_limite_avg6	0.00205907490192029	0.00279015164460863	0.0046748282452606
cliente_antiguedad	0.00204728675919265	0.00299029559941313	0.00462317268453949
mcaja_ahorro_dolares_avg6	0.00202400126127012	0.00190617336285916	0.00369337259155948
Visa_mconsumosdolares_avg6	0.00195510172393477	0.00217225844798448	0.00371920037192004
cproductos_tend6	0.00195310728541902	0.00301415005054962	0.0015754946019939
mcaja_ahorro_delta1	0.00194944797400693	0.00234412046943034	0.00299602252182447
mtransferencias_recibidas_avg6	0.00193984880492792	0.00267404567374415	0.00413244485768893
mcomisiones_mantenimiento_avg6	0.00189169626176906	0.00194477722719783	0.00291853918074281
Visa_mconsumospesos	0.00188460958776846	0.00138079554303116	0.0035642336897567
Visa_mpagominimo_lag1	0.00187638550067839	0.00174170573884038	0.0037966837130017
Visa_fultimo_cierre_tend6	0.00187081503108971	0.00305238914233698	0.00250529469497391
cprestamos_personales_avg6	0.00186466290416039	0.00271461960522238	0.00147218348055168
Visa_fultimo_cierre_avg6	0.00184815682914914	0.00258339009546206	0.00340926700759337
Master_Fvencimiento_tend6	0.00183879904428661	0.00208134639669396	0.00361588925047781
cprestamos_personales_tend6	0.00182697371108122	0.00415634988606831	0.00061986672865334
Visa_mpagospesos	0.00178789952328343	0.0024122600804721	0.00544966165607728
mtransferencias_recibidas_tend6	0.00178371566484965	0.00194424409808436	0.0035642336897567
internet_avg6	0.00176446196291244	0.00247247757995047	0.00224701689136836
Visa_fultimo_cierre_lag1	0.00176266558879254	0.00196910868859375	0.00291853918074281
thomebanking_avg6	0.00174510776644464	0.00258350233317016	0.00250529469497391
Visa_msaldopesos_delta1	0.00173900539524163	0.00119077365732295	0.00266026137713725
ccomisiones_mantenimiento_tend6	0.00173430653598709	0.00409241623545641	0.00123973345730668
Visa_mlimitecompra_lag1	0.0017311863324974	0.00161553332546301	0.00266026137713725
Visa_mpagospesos_avg6	0.0017307928776272	0.00237837315349753	0.00320264476470892
mtarjeta_visa_debitos_automaticos_tend6	0.00170193889314304	0.00290834779665114	0.00263443359677669
mcomisiones_delta1	0.00169785318366642	0.00158358791393031	0.00291853918074281
ccallcenter_trx	0.00168377404889454	0.00242673529892248	0.00100728343406168
mactivos_margen_delta1	0.00167747942177865	0.00214853543311143	0.00255695025569503
mcomisiones_otras_avg6	0.00167626990346476	0.00282119078587548	0.0033317836665117
mcomisiones_otras_lag1	0.0016687250192772	0.00170090437832206	0.00338343922723281
Visa_Fvencimiento_tend6	0.00165813709930212	0.00170734573977158	0.00294436696110336
ccomisiones_otras	0.00165544315057188	0.00226876367839533	0.00258277803605558
Master_mfinanciacion_limite	0.00165497750838366	0.00211798905476478	0.00297019474146392
chomebanking_trx	0.0016528939802544	0.00178270056172398	0.0035642336897567
mcomisiones_lag1	0.00161797401207959	0.00132551650270921	0.00338343922723281
cmobile_app_trx_tend6	0.00159565919723202	0.00126556335256966	0.0028668836200217
Master_mlimitecompra	0.00155923387689246	0.00212827898815259	0.00289271140038225
mpayroll_avg6	0.00154783896752468	0.0023173921422417	0.00240198357353169
Master_fultimo_cierre	0.00153010201665055	0.0024737870198783	0.00278940027894003
Visa_mconsumototal_tend6	0.00152150314304673	0.00136234179319102	0.0028668836200217
mprestamos_personales_delta1	0.0014944734907576	0.00404440754035784	0.00116225011622501
cpayroll_trx_lag1	0.00148703145592133	0.000943117216234642	0.00103311121442223
mdescubierto_preacordado	0.0014834162045159	0.00150456764472127	0.000542383387571672
mtarjeta_visa_debitos_automaticos_avg6	0.00148330791878923	0.00122906049936331	0.00196291130740224
Visa_mconsumospesos_avg6	0.00147724754902462	0.0018814313477415	0.00392582261480448
Visa_mlimitecompra_avg6	0.00147565195661287	0.00156555554776619	0.00250529469497391
ccaja_ahorro	0.00147502187366014	0.00290726923165795	0.000878144532258898
mtransferencias_emitidas_avg6	0.00144173140621777	0.00308895303710387	0.00325430032543003
mcomisiones_otras_delta1	0.00143564142778661	0.00110700740678148	0.00240198357353169
Visa_mfinanciacion_limite_avg6	0.00143487860824101	0.00119414571127246	0.00242781135389225
ctarjeta_master_tend6	0.00140894629717424	0.000476203920101916	0.00030993336432667
mprestamos_personales_lag1	0.00140816711798867	0.0025173731554612	0.00147218348055168
mcaja_ahorro_dolares	0.00139270884779035	0.00308635926305132	0.00289271140038225
ccomisiones_otras_lag1	0.00137018197426565	0.00204537913395434	0.00260860581641614
Visa_mconsumototal_avg6	0.00136364368144654	0.00169434831781119	0.00253112247533447
Visa_cconsumos_lag1	0.00136003583952376	0.00129839829716612	0.0024536391342528
mcuenta_debitos_automaticos	0.00134321900190976	0.00377307091194298	0.00206622242884447
internet_tend6	0.00134016881491966	0.00374981703099896	0.00167880572343613
Visa_msaldototal_lag1	0.00133660379600925	0.00176928175608756	0.00289271140038225
Visa_msaldototal_avg6	0.00133507301463478	0.00138729745377058	0.00276357249857947
tmobile_app_avg6	0.00132561188452619	0.000944967661606346	0.00237615579317114
Master_delinquency	0.00132372133223399	0.000793823342717976	0.000206622242884447
Visa_mlimitecompra	0.00132309272962362	0.00141379982873107	0.00219536133064724
cextraccion_autoservicio_avg6	0.00132216405173114	0.00224651255276447	0.00315098920398781
Visa_mpagominimo_delta1	0.00131047579179816	0.00141789896642997	0.00263443359677669
Visa_status_delta1	0.00130811472659551	0.0026088670706595	0.000671522289374451
mtarjeta_visa_consumo_tend6	0.00130810694205867	0.00141895685605588	0.00250529469497391
mtransferencias_recibidas_lag1	0.00130284074067544	0.00355143491284923	0.00263443359677669
Visa_mpagominimo_tend6	0.00129843965916015	0.00151512438880113	0.00253112247533447
Master_mlimitecompra_avg6	0.00129132752326707	0.000919316914869602	0.00170463350379668
Visa_msaldototal_tend6	0.00127451911253713	0.00200316397213047	0.00291853918074281
mpasivos_margen_delta1	0.00126480394125427	0.00130583995257555	0.00263443359677669
ctarjeta_visa_debitos_automaticos_tend6	0.00125040073312893	0.0020228223082501	0.00154966682163335
ctarjeta_visa	0.00125013009645038	0.00122461923356296	0.000723177850095563
ctransferencias_emitidas_tend6	0.00124900151219217	0.00209684209220089	0.00240198357353169
Master_fultimo_cierre_tend6	0.00124404600548016	0.00136768046838552	0.00162715016271502
ctransferencias_emitidas_avg6	0.00124371454777627	0.00163489777600484	0.00250529469497391
ccallcenter_trx_avg6	0.0012378893884396	0.00295976694280987	0.0028668836200217
ccomisiones_mantenimiento_avg6	0.0012179271470854	0.00419772671097598	0.00216953355028669
cproductos_delta1	0.00121742071104236	0.00359265962612618	0.000774833410816675
Visa_msaldopesos_lag1	0.00120575910561252	0.00148328481545809	0.00276357249857947
mtransferencias_recibidas_delta1	0.00119944679978219	0.00200187126940472	0.00253112247533447
chomebanking_trx_tend6	0.0011954943820232	0.00133349867129186	0.00211787798956558
mtransferencias_emitidas_tend6	0.00118931886149894	0.00234447588883932	0.00278940027894003
Visa_mconsumototal	0.00118429382291662	0.00163272341654573	0.00377085593264115
Visa_mconsumosdolares_tend6	0.00118025172925708	0.00123968320771022	0.00216953355028669
mautoservicio_avg6	0.00117798929670564	0.000819996388613906	0.00206622242884447
Visa_Finiciomora_lag1	0.00116483111746751	0.00276161422278285	0.000361588925047781
Visa_msaldototal_delta1	0.00115846181641835	0.00124975998790676	0.00209205020920502
mautoservicio_tend6	0.00115332308241614	0.00190558263807968	0.00242781135389225
Visa_fechaalta_tend6	0.00112834655271851	0.00312406768707845	0.00253112247533447
Master_mfinanciacion_limite_lag1	0.00112790850047367	0.00240093785553217	0.0017562890645178
Master_msaldototal_avg6	0.0011212809344466	0.00182486600421224	0.00255695025569503
ctransferencias_recibidas_tend6	0.00111527071283038	0.00178778719434591	0.00214370576992613
mcomisiones_mantenimiento_lag1	0.00111430459701993	0.00149863233749949	0.00142052791983057
Visa_delinquency_tend6	0.00110422973357083	0.00154675327030616	0.00061986672865334
mcaja_ahorro_dolares_lag1	0.00108954802093008	0.00101609781684421	0.00297019474146392
Visa_mconsumototal_delta1	0.0010876550191111	0.0014466613559426	0.00247946691461336
cmobile_app_trx_lag1	0.00108634823843896	0.00102030722316861	0.00196291130740224
ccallcenter_trx_tend6	0.00107987235375896	0.00327726379003419	0.00216953355028669
Visa_mconsumosdolares	0.00107566125957618	0.00148788410013695	0.00209205020920502
Master_mlimitecompra_lag1	0.00107184135419768	0.00139135474846427	0.00211787798956558
cmobile_app_trx	0.00105991587463706	0.00107633008444205	0.00266026137713725
cmobile_app_trx_delta1	0.00105959362269886	0.00175342325711191	0.00229867245208947
mdescubierto_preacordado_tend6	0.00105405505001074	0.00278730435117156	0.000516555607211116
Visa_msaldopesos	0.00104192263361542	0.00188460600116053	0.00382251149336226
Visa_Finiciomora_avg6	0.00103152821724555	0.00226864651798074	0.000490727826850561
cprestamos_personales	0.0010309982963571	0.000845005706694271	0.000284105583966114
mtarjeta_visa_consumo_lag1	0.00102085609734367	0.0021074559396761	0.00325430032543003
Master_fultimo_cierre_lag1	0.00101937648819949	0.00146964104213482	0.00229867245208947
Master_msaldopesos_avg6	0.00101541213115778	0.00199557857369137	0.00178211684487835
Visa_mpagospesos_lag1	0.00100190591807866	0.00161124220221077	0.00284105583966114
Visa_mconsumospesos_delta1	0.000998128385578653	0.000900290654264018	0.00219536133064724
Visa_cconsumos	0.000949203346902028	0.00116682764384564	0.00291853918074281
Master_mconsumospesos_avg6	0.000914590861749283	0.0018969615021939	0.00204039464848391
mtarjeta_visa_debitos_automaticos_lag1	0.000896802425326376	0.000702025696528892	0.00139470013947001
ctarjeta_debito_avg6	0.000895965661656691	0.000945501282990472	0.00136887235910946
cpayroll_trx_avg6	0.000889988378931667	0.00166734530360009	0.00209205020920502
mtransferencias_emitidas	0.000876707057566921	0.00491491434351139	0.00242781135389225
Master_cconsumos_avg6	0.000857661557183001	0.00265660206327691	0.00188542796632057
mcaja_ahorro_dolares_tend6	0.000857519784427237	0.00141412866552497	0.00139470013947001
thomebanking_tend6	0.000854040446118435	0.00236249644050785	0.00165297794307557
mextraccion_autoservicio_avg6	0.000852468294251318	0.00268823242159389	0.00170463350379668
Master_status_avg6	0.00084818108722351	0.000473511691919459	0.000387416705408337
Visa_mconsumosdolares_delta1	0.000846080007082436	0.00114754392569034	0.00255695025569503
ccajas_trx_avg6	0.00084331292571513	0.00113562408418184	0.00178211684487835
Master_mpagominimo_tend6	0.00083881269239771	0.000986101797083775	0.00131721679838835
Visa_msaldopesos_avg6	0.000833714197739545	0.00159410478408756	0.0017562890645178
mtarjeta_visa_debitos_automaticos	0.000831132150435916	0.00103467020391089	0.00183377240559946
mpagomiscuentas	0.000821274401714049	0.00189781263814699	0.00214370576992613
mdescubierto_preacordado_lag1	0.000817674699747196	0.00021017150793609	0.00030993336432667
Visa_cconsumos_tend6	0.000812202488416154	0.00131368723900022	0.00216953355028669
ctarjeta_visa_trx_lag1	0.000799471069295801	0.000887981918942361	0.00237615579317114
mprestamos_personales_avg6	0.000788275390003284	0.0019005609851835	0.0013430445787489
ctarjeta_visa_avg6	0.000787809081654381	0.000770307081517734	0.000413244485768893
Visa_mpagospesos_delta1	0.000787537402533046	0.00102577093510811	0.00170463350379668
ccajas_extracciones_avg6	0.000786678825787609	0.00500532624782196	0.00147218348055168
Visa_cconsumos_delta1	0.000779887885679291	0.0014170271551096	0.00185960018596002
Visa_mconsumototal_lag1	0.00077898913198418	0.000344871033505181	0.00123973345730668
tcallcenter_avg6	0.000777112018032133	0.00205962298519943	0.00170463350379668
cpagomiscuentas_avg6	0.000769120793074827	0.00101203215354947	0.00273774471821892
catm_trx_avg6	0.000765491183028308	0.0010866283864309	0.00204039464848391
Master_mpagospesos_tend6	0.000764153965438607	0.00331819560227465	0.0013430445787489
mcuenta_debitos_automaticos_tend6	0.00076267723871404	0.00176038839453257	0.00147218348055168
Visa_mpagado_avg6	0.000757933490852601	0.00137447626470273	0.0011105945555039
Visa_delinquency_delta1	0.000753886844882485	0.0012451557805214	0.000361588925047781
cproductos_lag1	0.000747436182125319	0.00141304025511879	0.00136887235910946
Visa_status_avg6	0.000745557887477874	0.0030652398676438	0.00131721679838835
Master_msaldopesos_lag1	0.000729770672709308	0.0010184080430026	0.00126556123766724
tmobile_app_tend6	0.000717653501265187	0.00206798469445289	0.00108476677514334
mtarjeta_visa_consumo_delta1	0.000707814393971403	0.00151772505464277	0.00229867245208947
ctarjeta_visa_debitos_automaticos_avg6	0.000705838751768007	0.00066278532624033	0.00162715016271502
cextraccion_autoservicio_tend6	0.000689107491182609	0.00174938614551485	0.00183377240559946
matm_tend6	0.000683853097932441	0.00189507758241802	0.00126556123766724
Master_mpagominimo_avg6	0.000682035152867074	0.00208340310346783	0.00152383904127279
ctarjeta_visa_trx_delta1	0.00067857697998806	0.00072041692799654	0.00136887235910946
ctarjeta_debito_trx_lag1	0.000677749402211852	0.000656573855184152	0.00209205020920502
mextraccion_autoservicio_tend6	0.000673015455829356	0.00119206291415416	0.00152383904127279
mcomisiones_mantenimiento_delta1	0.000670543352221004	0.00303491944152531	0.000852316751898342
thomebanking	0.000663026017295442	0.000767401700144017	0.000697350069735007
mtarjeta_visa_consumo_avg6	0.000662669324602913	0.00121454048428382	0.00240198357353169
ccuenta_debitos_automaticos_avg6	0.00065776322675997	0.00112950023730128	0.00139470013947001
matm_avg6	0.000657690379550964	0.00126733355782549	0.00183377240559946
Visa_mpagado_tend6	0.000649074119276215	0.001811250290316	0.00105893899478279
Master_msaldototal	0.000649004944008396	0.00175857486945958	0.00173046128415724
ccomisiones_mantenimiento	0.000645053258744731	0.0019202340894226	0.000723177850095563
Master_msaldopesos_tend6	0.000637354676638726	0.00182051285485817	0.00116225011622501
ctarjeta_debito	0.000634666697052956	0.000591274153519709	0.00113642233586446
mtransferencias_emitidas_lag1	0.000633473742942615	0.00119054672055351	0.00178211684487835
tmobile_app	0.000628645257423573	0.00061971853619272	0.00123973345730668
ctarjeta_debito_trx_tend6	0.000622630632518896	0.000462131871313527	0.00116225011622501
ccajas_consultas_tend6	0.000622203113211909	0.00240031021045398	0.00105893899478279
ccuenta_debitos_automaticos_tend6	0.000618387537719756	0.00161715584952397	0.000929800092980009
Master_fultimo_cierre_delta1	0.000616807151101848	0.00155651795091088	0.00152383904127279
ccaja_seguridad_avg6	0.000615970829379205	0.000891070424997715	0.000206622242884447
ccajas_otras_tend6	0.000614572949452011	0.00326807408154816	0.00061986672865334
Visa_mpagosdolares	0.000614265594388541	0.0013475096785197	0.000878144532258898
mpayroll_delta1	0.000614095757577524	0.00200627315355311	0.00126556123766724
mpagomiscuentas_tend6	0.000614069864838747	0.00283998863289967	0.00123973345730668
ccaja_ahorro_avg6	0.000613121771234294	0.00181299982020454	0.00103311121442223
Visa_fultimo_cierre_delta1	0.000611940820055247	0.000467416396736579	0.00142052791983057
ctransferencias_recibidas_lag1	0.000608010776733495	0.000526782267991198	0.0011105945555039
Master_msaldopesos	0.000596752190450372	0.00200593348680491	0.00142052791983057
mcuenta_debitos_automaticos_avg6	0.000594539040654862	0.000814285556808333	0.00149801126091224
ccajas_consultas_avg6	0.000590986410067261	0.00213932455698747	0.00129138901802779
ccajas_trx_tend6	0.000587105485847437	0.00219292200077051	0.00139470013947001
matm_other_avg6	0.000585582530891995	0.00196591237526614	0.00131721679838835
active_quarter_avg6	0.00057917446917743	0.00185362642464227	0.000697350069735007
ccaja_ahorro_delta1	0.000575557036879683	0.00307371086098147	0.000206622242884447
Master_mfinanciacion_limite_delta1	0.000575256583350483	0.00305701451736026	0.00061986672865334
cliente_vip	0.000568558163614246	0.00148347335511687	0.000645694509013895
Visa_mconsumosdolares_lag1	0.000558849086317164	0.000725506514242365	0.00154966682163335
mpayroll_tend6	0.000551723294650886	0.00206311269183417	0.00149801126091224
ccomisiones_otras_delta1	0.000549942276702309	0.00131724094081941	0.00121390567694612
Master_cconsumos_tend6	0.000543745535605632	0.00139731663830112	0.00121390567694612
mpagomiscuentas_avg6	0.000538067521443246	0.000787165874453295	0.00173046128415724
cliente_edad_tend6	0.000537342931169482	0.000578692700258195	0.000955627873340565
internet	0.000536520843373996	0.000375023103061524	0.000542383387571672
ctarjeta_master_trx_avg6	0.000535104173247781	0.00195221937487792	0.000955627873340565
Visa_mpagosdolares_avg6	0.000519400430510518	0.00215906608684686	0.00121390567694612
cliente_vip_delta1	0.00051384560324372	0.000181509541635973	0.000464900046490005
Master_mpagospesos	0.000513527613456448	0.000561156050638186	0.00118807789658557
catm_trx_tend6	0.000509326854618254	0.000799822645124192	0.0011105945555039
cpagomiscuentas	0.00050900397497955	0.000847288857966941	0.00113642233586446
Visa_Finiciomora	0.000508818388721853	0.00132939264180386	0.000258277803605558
Master_mpagospesos_avg6	0.000505783485453193	0.00215354674832397	0.00126556123766724
cpagomiscuentas_tend6	0.000503605188386183	0.000914751596865561	0.00131721679838835
Visa_delinquency_lag1	0.000497472171291477	0.000335524782952591	0.000258277803605558
ctransferencias_recibidas	0.000492581007881651	0.00108253761733304	0.00144635570019113
mtarjeta_visa_debitos_automaticos_delta1	0.000488311601555566	0.00176695282364448	0.0013430445787489
Visa_madelantodolares	0.000481199635208857	5.89400571427475e-05	0.000154966682163335
Master_msaldototal_tend6	0.000478601341031149	0.00118403151850655	0.00103311121442223
Visa_mpagosdolares_tend6	0.000474236739230893	0.000653873750671303	0.00100728343406168
Master_msaldototal_delta1	0.000467650156506227	0.000790740743910417	0.000671522289374451
mforex_sell_tend6	0.000464017854028718	0.00129866658467013	0.000852316751898342
Visa_msaldodolares_avg6	0.000462708075676956	0.00134356560607541	0.00116225011622501
ctarjeta_visa_debitos_automaticos	0.000455679040103243	0.000850001269246029	0.000981455653701121
cpayroll_trx_tend6	0.000452955422244632	0.00202766034419399	0.00191125574668113
ctransferencias_recibidas_delta1	0.000452903125005823	0.000990953124335211	0.000955627873340565
Master_mlimitecompra_delta1	0.00044429959301978	0.00106451805020581	0.000413244485768893
catm_trx_other_avg6	0.000443083643918192	0.000355160966892983	0.000878144532258898
cextraccion_autoservicio	0.000431903067283286	0.000677324539875153	0.000774833410816675
mcuenta_debitos_automaticos_delta1	0.000428703078743707	0.00107004083462325	0.000929800092980009
ctarjeta_debito_lag1	0.000424438425232945	0.000336141598076493	0.000516555607211116
ctarjeta_debito_trx_delta1	0.000423131931565431	0.00060037279193557	0.0011105945555039
mforex_sell_avg6	0.000417055560888122	0.00385217978986895	0.000903972312619453
ctransferencias_emitidas	0.000416990697879742	0.000924097355147502	0.00123973345730668
Master_mconsumospesos_tend6	0.000413329623346849	0.000327296479045157	0.000878144532258898
thomebanking_delta1	0.000402128362441996	0.00060293653747849	0.000464900046490005
Master_mpagominimo_delta1	0.000397715839686031	0.00129348937424868	0.000852316751898342
Visa_mpagado_delta1	0.000396848339379382	0.00103831399125895	0.000594038948292784
mautoservicio_lag1	0.000396106702871332	0.000677066590054782	0.00173046128415724
matm_lag1	0.000396062143023003	0.00094224146674907	0.00118807789658557
Master_mpagospesos_delta1	0.000395314489348508	0.00170794877131729	0.00108476677514334
ctarjeta_master_trx_tend6	0.000390262994784751	0.00175545091991746	0.00080066119117723
Master_mpagospesos_lag1	0.000389322285747121	0.000653098916668892	0.000903972312619453
mtransferencias_emitidas_delta1	0.000386888222467732	0.000620993024904436	0.00123973345730668
cforex_sell_avg6	0.000379562562655553	0.000588769480454736	0.000697350069735007
Master_mconsumototal_tend6	0.000377703820670595	0.000832310538912708	0.000955627873340565
Visa_Fvencimiento_delta1	0.000374329230903929	0.000575854759963468	0.000774833410816675
thomebanking_lag1	0.000372653112361201	0.000121365882755046	0.000490727826850561
mextraccion_autoservicio_delta1	0.000371362255177578	0.000632973415702835	0.00103311121442223
matm_other_tend6	0.000369878727800135	0.00105377572009106	0.000645694509013895
mpagomiscuentas_lag1	0.000362632515127795	0.000861893051327507	0.00154966682163335
ccajas_depositos_tend6	0.000358028483526665	0.00240533875513926	0.000826488971537786
ccuenta_debitos_automaticos_lag1	0.000357336966403805	0.000830268107987674	0.00061986672865334
mplazo_fijo_dolares_tend6	0.000356788861693122	0.00273591326443985	0.000413244485768893
ccaja_ahorro_lag1	0.000354542002812696	0.000863982740234899	0.000335761144687226
mextraccion_autoservicio	0.000352933800640502	0.00146609915481122	0.00105893899478279
mtarjeta_master_consumo_tend6	0.000351926909116661	0.0012631024915925	0.000697350069735007
cforex_sell_tend6	0.000351749941229232	0.000484608456901893	0.000749005630456119
Master_cconsumos	0.000339951803820136	0.00133451422564191	0.00061986672865334
ccajas_depositos_avg6	0.000334869517064088	0.00247989609863937	0.000749005630456119
Master_mfinanciacion_limite_tend6	0.000325080431395017	0.0008109489463456	0.000516555607211116
Master_mconsumototal_avg6	0.000320431620417874	0.000429850238927178	0.000697350069735007
Visa_delinquency	0.000316422996188855	0.000425883029762355	0.000154966682163335
Visa_mpagado	0.000315969521123779	0.000355098940791138	0.000490727826850561
Master_mpagominimo_lag1	0.000315523975074958	0.000631705818780212	0.000645694509013895
cforex_tend6	0.000313240148500095	0.000751412257175583	0.000774833410816675
ctarjeta_debito_trx	0.000313052836154363	0.00043856490623638	0.00139470013947001
Visa_Finiciomora_delta1	0.000312473047649155	0.000396584557512354	5.16555607211116e-05
Visa_delinquency_avg6	0.000311725242701359	0.00132682741944899	0.000697350069735007
Master_mconsumospesos	0.000303607700826036	0.00090519219312171	0.000929800092980009
Master_delinquency_avg6	0.000300752043673177	0.00108950078567109	0.000335761144687226
cforex_avg6	0.000299665068163009	0.000547065295565114	0.000516555607211116
mtarjeta_master_consumo_avg6	0.00029542005188709	0.00043847432843686	0.000774833410816675
ctarjeta_visa_debitos_automaticos_lag1	0.000294334360117054	0.000766031710926285	0.000903972312619453
mautoservicio_delta1	0.000292250525727814	0.00104568279061225	0.000903972312619453
Visa_Finiciomora_tend6	0.000288346054070257	0.00267056975068759	0.000439072266129449
Master_mconsumosdolares	0.000287289062059543	0.000207232159887554	0.000258277803605558
ccheques_depositados_avg6	0.000286886607623482	0.00169437145453172	0.000387416705408337
Master_mconsumototal_lag1	0.000286538456255002	0.000606531590032244	0.000697350069735007
ccaja_seguridad	0.000284972840369091	0.00214896863128304	0.000206622242884447
mplazo_fijo_dolares	0.000283626469101394	0.00100416812992271	0.00030993336432667
matm_delta1	0.000282465782256919	0.000361636295017326	0.000516555607211116
ctarjeta_debito_tend6	0.000281333557459888	0.00214919310669924	0.000464900046490005
mttarjeta_master_debitos_automaticos_tend6	0.000280875742547482	0.00123453454898645	0.000516555607211116
Master_mconsumospesos_lag1	0.000279251497689207	0.000743141617992286	0.000645694509013895
mcuenta_debitos_automaticos_lag1	0.00027583570706235	0.000609273045279656	0.000903972312619453
ccaja_ahorro_tend6	0.000268866657342464	0.00179324549130826	0.000258277803605558
Visa_mfinanciacion_limite_delta1	0.000265112570425034	0.00112023816502977	0.000361588925047781
cprestamos_personales_delta1	0.000264727863751817	0.00148872735975965	0.000258277803605558
Visa_msaldodolares_tend6	0.000264606259561413	0.00192055258853287	0.00080066119117723
ccaja_seguridad_lag1	0.000264143969209127	0.000516692688757768	0.000103311121442223
cseguro_vida_tend6	0.000253189201704254	0.0010457467857967	0.00030993336432667
Master_mconsumototal_delta1	0.000250561285633692	0.000870989720660769	0.000645694509013895
cpayroll_trx_delta1	0.000249190892934404	0.00130460238416255	0.000903972312619453
tpaquete7_tend6	0.000247703810434613	0.00133775385878668	0.000103311121442223
ccomisiones_mantenimiento_delta1	0.000245513187280434	0.00178973953974208	0.000258277803605558
ccajas_extracciones_tend6	0.000244555318389575	0.000676725446494636	0.000594038948292784
Master_mconsumospesos_delta1	0.000244417996395642	0.000494555769917599	0.000516555607211116
cextraccion_autoservicio_lag1	0.000243850256728712	0.000300195995245451	0.000671522289374451
matm	0.000243777834543031	0.00051729719711543	0.000878144532258898
mprestamos_hipotecarios_avg6	0.000241594457073349	0.00370867748054438	0.000258277803605558
mpagomiscuentas_delta1	0.000237418585613361	0.000458502359814304	0.000697350069735007
ccallcenter_trx_delta1	0.000230127382659503	0.00191901227367039	0.00061986672865334
ctarjeta_visa_descuentos_avg6	0.000228431656547131	0.00180016829345305	0.000361588925047781
catm_trx_lag1	0.000226465716989647	0.000321735789787701	0.000542383387571672
Master_cconsumos_lag1	0.000226221189073492	0.000337158136967839	0.000464900046490005
Visa_mlimitecompra_tend6	0.000223049651540659	0.00128653506678232	0.00030993336432667
Master_mpagado_delta1	0.000219104483327873	0.000388675737256486	0.00030993336432667
cseguro_vivienda_avg6	0.000217641027463826	0.000386734714085261	0.00030993336432667
Master_msaldototal_lag1	0.000214968984867887	0.00114437074908326	0.000568211167932228
ccajas_otras_avg6	0.000213779205064786	0.000374059237129681	0.000258277803605558
catm_trx_other_tend6	0.000213197510938703	0.000721093800139689	0.000749005630456119
ctarjeta_master_trx	0.000212699783633447	0.00114910836181465	0.000594038948292784
tmobile_app_delta1	0.000210933883000478	0.000594652606987655	0.000361588925047781
Master_mconsumototal	0.000209953081591579	0.000349714976696875	0.000464900046490005
Master_mlimitecompra_tend6	0.000208439215514628	0.00153946766469264	0.000516555607211116
ctarjeta_master_debitos_automaticos_avg6	0.000207707788738749	0.000550435380432018	0.000335761144687226
tpaquete9	0.000207122083821704	0.000779569153789249	0.00030993336432667
cforex_buy_tend6	0.000206637086563698	0.00109241158202196	0.000284105583966114
cpagomiscuentas_lag1	0.000203127643088963	0.000328475467250858	0.000774833410816675
tpaquete9_avg6	0.000199138192980312	0.000568157123816262	0.000335761144687226
ctarjeta_master_trx_lag1	0.000197609473762912	0.00019777760979206	0.000361588925047781
cprestamos_personales_lag1	0.00019647348743988	0.000727103932500195	0.000284105583966114
ccallcenter_trx_lag1	0.000196371089779915	0.00124957932457837	0.000490727826850561
mtarjeta_master_consumo_lag1	0.000196102862046385	0.00102262138749221	0.000852316751898342
ctarjeta_master_descuentos_avg6	0.000194404663298117	0.00176891501445364	0.000206622242884447
mpayroll_lag1	0.000193413544957532	0.000648077263772706	0.00162715016271502
Master_mpagado_tend6	0.00019314107226105	0.000444237833201936	0.000284105583966114
tcallcenter_lag1	0.000192972549903517	0.000187469462390224	0.000413244485768893
mextraccion_autoservicio_lag1	0.000192738549785366	0.000520175011332772	0.000723177850095563
mprestamos_prendarios	0.000189887544129182	0.00283779064444937	0.000258277803605558
mcaja_ahorro_adicional_avg6	0.000187679245591142	0.001184766970857	0.000232450023245002
cseguro_vida_avg6	0.000187410668350298	0.00112967154748733	0.000284105583966114
Visa_msaldodolares	0.000186556344538721	0.000854205260593292	0.000490727826850561
mttarjeta_master_debitos_automaticos_lag1	0.00018612041907071	0.000269173591180683	0.000232450023245002
Visa_mpagado_lag1	0.000185628848578305	0.000408169654979154	0.000490727826850561
Visa_fechaalta_delta1	0.000183397330902984	0.000330535127648627	0.000284105583966114
Master_mpagominimo	0.000183065500631212	0.00232393835733958	0.00103311121442223
cseguro_accidentes_personales_avg6	0.000182872473933302	0.000495000290314154	0.000387416705408337
tcuentas_avg6	0.000181519240356663	0.00180545528022935	0.000258277803605558
internet_lag1	0.000177745747968691	0.000273567598998676	0.000258277803605558
ccajas_consultas	0.000175766226030535	0.0014627418689812	0.000232450023245002
ccheques_emitidos_avg6	0.000175238098628328	0.00053780174648165	0.000206622242884447
ccajas_consultas_delta1	0.000173342212534225	0.00146352507158466	0.000284105583966114
cextraccion_autoservicio_delta1	0.000172666069000809	0.000340171817884459	0.000645694509013895
matm_other_delta1	0.000172324382362722	0.000425793436504135	0.000594038948292784
ctransferencias_emitidas_delta1	0.000172185024888291	0.000675604546225582	0.000671522289374451
cliente_vip_lag1	0.000170262488481322	0.000175119376334005	0.000103311121442223
Master_msaldodolares	0.000169919151648349	0.000756534333284279	0.000154966682163335
ccuenta_debitos_automaticos	0.000169432091683208	0.000782389372340592	0.000568211167932228
Master_mpagado_avg6	0.000166871455507476	0.00034487251031713	0.000387416705408337
ccajas_extracciones_lag1	0.000166172506230373	0.000144883620767237	0.000206622242884447
Visa_mfinanciacion_limite_tend6	0.000166119672147557	0.000377150204538283	0.000439072266129449
mcaja_ahorro_adicional_lag1	0.000165068057244793	0.000815664899168407	0.000206622242884447
mprestamos_prendarios_lag1	0.000162930501286901	0.00106027566174788	0.000206622242884447
Visa_mlimitecompra_delta1	0.000162610610206878	0.000890091298675736	0.000258277803605558
tmobile_app_lag1	0.00016156701956443	0.000154929387912855	0.00030993336432667
cplazo_fijo_avg6	0.000155322354380202	0.000292260592374506	0.000232450023245002
cplazo_fijo_tend6	0.00015452942145625	0.000793916874141393	0.000180794462523891
mforex_buy_tend6	0.000154173477200673	0.00189136044674318	0.000258277803605558
mforex_buy_delta1	0.000147510227225898	0.000203218185011022	5.16555607211116e-05
ctarjeta_master_avg6	0.000145325836944423	8.98945278578764e-05	0.000413244485768893
Master_mconsumosdolares_tend6	0.000143341293417191	0.000255695713066316	0.000413244485768893
mtarjeta_visa_descuentos_avg6	0.000141805938131833	0.00108819085347261	0.000206622242884447
Master_msaldodolares_avg6	0.000139799735137592	0.000250980744784808	0.000284105583966114
mplazo_fijo_dolares_avg6	0.000139333868343541	0.00124725925300698	0.000232450023245002
catm_trx	0.000138651126799905	0.000325734996544745	0.000464900046490005
Master_mconsumosdolares_avg6	0.000137424732419974	0.000628887569311468	0.000413244485768893
tcuentas_lag1	0.000135023452568272	0.00126691365096141	0.000154966682163335
matm_other_lag1	0.000134389126574541	0.000405244090508805	0.000361588925047781
ctarjeta_visa_debitos_automaticos_delta1	0.000134213408800458	0.000435860371287684	0.000335761144687226
cplazo_fijo	0.000133558639184408	0.000318417393339001	5.16555607211116e-05
active_quarter_tend6	0.000133369304466911	0.000906955506588442	0.000206622242884447
internet_delta1	0.00013319864012911	0.000326718061031921	0.000180794462523891
Master_msaldopesos_delta1	0.000132147990662589	0.00043683309809122	0.000516555607211116
Master_Finiciomora_lag1	0.00013210662126206	0.00182704331729526	0.000154966682163335
Visa_madelantopesos	0.000131564500173087	0.000135435470190187	7.74833410816675e-05
mcheques_depositados_tend6	0.000130424687586267	0.000843609134861463	0.000206622242884447
Visa_msaldodolares_lag1	0.000128418955437156	0.000731109046505034	0.000439072266129449
mtarjeta_master_consumo	0.000127216494323619	0.000518733642870853	0.000516555607211116
mplazo_fijo_dolares_lag1	0.000126956397992693	0.000693542396424984	0.000103311121442223
cseguro_accidentes_personales_tend6	0.000123187606351138	0.000554045201105259	7.74833410816675e-05
tcuentas_tend6	0.000122741136925674	0.0017943801751555	0.000129138901802779
mtarjeta_master_consumo_delta1	0.000121074404531863	0.000493037607234349	0.000464900046490005
ctarjeta_visa_descuentos_tend6	0.000119128936813075	0.000704395979706534	0.000284105583966114
Master_Finiciomora_avg6	0.000118349286198873	0.0024382500016864	0.000206622242884447
ccomisiones_mantenimiento_lag1	0.000116925397716626	0.00129822107973228	0.00030993336432667
mcheques_depositados_avg6	0.000113828000146597	0.00120860714614465	0.000258277803605558
ccheques_depositados_tend6	0.000110068896521495	0.000661386293054274	0.000232450023245002
active_quarter	0.000109674622938021	8.9144799658593e-05	0.000129138901802779
cseguro_auto_avg6	0.000108563690242045	0.000835405936757156	0.000180794462523891
Master_Fvencimiento_delta1	0.00010829408388104	0.000201798476457685	0.000284105583966114
mforex_sell_lag1	0.000106763742007284	0.00014647710085987	0.000206622242884447
mprestamos_prendarios_avg6	0.000102002168555779	0.00206298273238269	0.000180794462523891
catm_trx_other	0.000101776044251094	0.000297125210933481	0.000154966682163335
ccajas_trx_delta1	0.000100941960274814	0.000532327696858517	0.000284105583966114
mcheques_emitidos_tend6	9.90138009505065e-05	0.00079543848271919	0.000103311121442223
cseguro_accidentes_personales_lag1	9.87053025143038e-05	0.000285217676191218	0.000232450023245002
mforex_buy_avg6	9.68131030124537e-05	0.00123886702297325	0.000129138901802779
cseguro_accidentes_personales	9.5091504364423e-05	0.000166129529731697	0.000154966682163335
tpaquete9_lag1	9.49456417190684e-05	0.000164546387322705	0.000129138901802779
mcaja_ahorro_adicional	9.41171964139093e-05	0.000651602906164872	0.000103311121442223
mcheques_depositados	9.36706697062737e-05	0.000591478938109927	0.000103311121442223
minversion1_pesos_avg6	9.31895150423409e-05	0.0015470427254481	0.000129138901802779
Visa_mpagosdolares_lag1	9.18150436502026e-05	0.000259393650185828	0.000361588925047781
tpaquete7_avg6	9.12396473734231e-05	0.00119885477230617	0.000154966682163335
Visa_mpagosdolares_delta1	9.02668066871593e-05	0.000282551046082539	0.000464900046490005
ccajas_trx_lag1	8.80601822692051e-05	0.000142216498387908	0.000103311121442223
ctransferencias_emitidas_lag1	8.76051686824055e-05	0.000318660575039885	0.000568211167932228
ccheques_emitidos_tend6	8.39552011100473e-05	0.000984029829919767	0.000103311121442223
ctarjeta_master_debitos_automaticos_tend6	8.34883025173964e-05	0.000855348313041575	0.000206622242884447
mprestamos_prendarios_tend6	8.23815985079117e-05	0.00120394681990524	0.000103311121442223
ccajas_otras	8.15144194947672e-05	0.000981807720207643	0.000129138901802779
Master_status	7.95756923180124e-05	0.00112018204617572	0.000413244485768893
mcheques_emitidos_avg6	7.92411850748503e-05	0.000412825550782714	7.74833410816675e-05
ctarjeta_master_trx_delta1	7.91870213527561e-05	0.000262278356192263	0.000335761144687226
Visa_msaldodolares_delta1	7.87218097693451e-05	0.000417636511840887	0.00030993336432667
ccajas_consultas_lag1	7.86871816774478e-05	0.00145955589333724	0.000154966682163335
cseguro_vida	7.78992996828073e-05	0.000638525244088599	0.000129138901802779
catm_trx_delta1	7.77796071928369e-05	0.000263435684489384	0.000490727826850561
Master_mpagado_lag1	7.54615135981101e-05	0.000197906092431595	0.000154966682163335
tpaquete7	7.46987187217222e-05	0.000349386139902967	0.000103311121442223
Visa_cadelantosefectivo_tend6	7.22560149023049e-05	0.000212171111314613	0.000129138901802779
Master_status_tend6	7.21201907984758e-05	0.00210162351702008	0.000361588925047781
Master_status_lag1	7.12671102891539e-05	0.00032963230327733	0.000103311121442223
cforex	7.11559346144162e-05	1.72353799824763e-05	5.16555607211116e-05
mcheques_emitidos_delta1	6.99768342753486e-05	4.5893408117397e-05	0.000103311121442223
Master_delinquency_tend6	6.95290968667515e-05	0.000795984410869555	0.000284105583966114
tcallcenter_delta1	6.91753766717316e-05	0.000103125778376813	0.000154966682163335
ccajeros_propios_descuentos_avg6	6.87679095411253e-05	0.000870140061519624	0.000103311121442223
mcaja_ahorro_adicional_tend6	6.751514652594e-05	0.00104849660964515	0.000154966682163335
Master_cconsumos_delta1	6.70954638029408e-05	8.57830833927318e-05	0.000206622242884447
Master_mpagosdolares_tend6	6.69839354061556e-05	0.000493592888527056	0.000180794462523891
Master_status_delta1	6.64354224652034e-05	0.00106912767256831	0.000232450023245002
Visa_cadelantosefectivo_avg6	6.57085055554058e-05	0.000298430220425471	0.000103311121442223
ccuenta_debitos_automaticos_delta1	6.54874956610688e-05	0.00131822400530659	0.000154966682163335
minversion2_avg6	6.23304870290773e-05	0.00104692429719045	0.000129138901802779
ctarjeta_master_debitos_automaticos	6.15230215803984e-05	0.000189130875832497	0.000103311121442223
ccajas_trx	6.12900314629082e-05	0.00013835611195404	0.000154966682163335
Master_msaldodolares_delta1	6.04627651138359e-05	6.30273803460635e-05	0.000103311121442223
Master_mpagosdolares_lag1	5.9329653536677e-05	3.12567248939602e-05	7.74833410816675e-05
matm_other	5.90243711866861e-05	0.000183730174536149	0.00030993336432667
active_quarter_lag1	5.85895228535816e-05	4.56861621739313e-05	7.74833410816675e-05
mcheques_depositados_delta1	5.74126163323587e-05	0.000814309678070162	0.000232450023245002
Visa_madelantopesos_avg6	5.70524910843232e-05	0.00112354523925353	0.000103311121442223
Visa_cadelantosefectivo	5.65742068455926e-05	7.438012606627e-05	7.74833410816675e-05
cprestamos_prendarios_tend6	5.55246961780351e-05	0.00231994407328903	0.000154966682163335
cprestamos_hipotecarios	5.5311827508724e-05	0.000298735920498849	2.58277803605558e-05
mplazo_fijo_dolares_delta1	5.46204109466749e-05	0.00029580001834486	2.58277803605558e-05
ccajas_depositos_lag1	5.37517453033068e-05	0.00109232543465828	7.74833410816675e-05
Master_fechaalta_delta1	5.2621234289266e-05	4.8886413666736e-05	0.000232450023245002
cforex_lag1	5.21998180216054e-05	2.98896893001256e-05	7.74833410816675e-05
mttarjeta_master_debitos_automaticos	5.15978974725929e-05	0.000132370593126012	0.000103311121442223
mttarjeta_master_debitos_automaticos_avg6	5.13202780736213e-05	0.00021317485116907	0.000129138901802779
Master_Finiciomora	4.93214807912336e-05	0.000368406493260756	7.74833410816675e-05
minversion1_pesos_tend6	4.84211911041198e-05	0.00232129092578623	0.000129138901802779
ctarjeta_master_descuentos_tend6	4.79375469813818e-05	0.000341267612350385	0.000129138901802779
catm_trx_other_lag1	4.78929069474389e-05	0.000379330471245194	0.000154966682163335
cpagomiscuentas_delta1	4.78423770983725e-05	0.000200478698846208	0.000335761144687226
mcheques_emitidos_lag1	4.77793824815315e-05	5.52120915136119e-05	5.16555607211116e-05
minversion1_pesos	4.74703298290402e-05	0.000715654209462025	5.16555607211116e-05
Master_mpagosdolares_avg6	4.72449373648395e-05	0.000655110334543003	0.000129138901802779
cplazo_fijo_lag1	4.39836932519687e-05	0.000146249671819772	7.74833410816675e-05
mprestamos_prendarios_delta1	4.38345839248086e-05	0.000661121451444809	5.16555607211116e-05
mcheques_depositados_rechazados_avg6	4.37335341143066e-05	0.00180558917784603	0.000103311121442223
cforex_delta1	4.33066574468176e-05	5.85009517233379e-05	0.000103311121442223
mforex_sell_delta1	4.25811495536427e-05	9.90881745091025e-05	0.000180794462523891
Master_mpagado	4.15450935237231e-05	8.63944835394882e-05	0.000154966682163335
Master_mconsumosdolares_delta1	4.04552479707393e-05	8.742726736227e-05	0.000103311121442223
Master_mpagosdolares_delta1	4.03458104383573e-05	0.000180250313314393	0.000180794462523891
mforex_sell	4.02349425901067e-05	0.000166479041892887	0.000180794462523891
Visa_madelantopesos_tend6	3.99544997797182e-05	0.00077337097404061	0.000129138901802779
Visa_madelantopesos_delta1	3.95505871974344e-05	1.65196184580127e-05	5.16555607211116e-05
ctarjeta_master_delta1	3.94575052463875e-05	0.00029323479598999	7.74833410816675e-05
Master_msaldodolares_tend6	3.82512009656297e-05	0.000133208930042216	0.000154966682163335
cforex_buy_delta1	3.81086399854985e-05	0.000261271662713908	2.58277803605558e-05
ccajeros_propios_descuentos_tend6	3.77214458808361e-05	0.000101819292072874	5.16555607211116e-05
mtarjeta_visa_descuentos_tend6	3.76730744695179e-05	0.000187880016111959	7.74833410816675e-05
tcallcenter	3.70838148008391e-05	0.000220404337928543	0.000206622242884447
minversion2	3.69334195531641e-05	0.00123862334900171	7.74833410816675e-05
cseguro_auto_lag1	3.60993329468395e-05	0.000489158514515798	5.16555607211116e-05
ccajas_otras_delta1	3.47902323518433e-05	0.000871234871444251	7.74833410816675e-05
ccajas_otras_lag1	3.47392740321559e-05	0.000425692028750325	0.000129138901802779
catm_trx_other_delta1	3.44693555540332e-05	0.000185556498646025	0.000206622242884447
mttarjeta_master_debitos_automaticos_delta1	3.43641702075203e-05	0.00017950009284446	0.000154966682163335
Master_cadelantosefectivo_avg6	3.43070365817705e-05	0.000287418125994762	7.74833410816675e-05
mtarjeta_master_descuentos_avg6	3.32966155073959e-05	8.23061757948731e-05	5.16555607211116e-05
cliente_vip_avg6	3.31806484270556e-05	0.000850121875555172	5.16555607211116e-05
ctarjeta_master_debitos_automaticos_lag1	3.27927171245642e-05	0.00011831282018646	7.74833410816675e-05
ctarjeta_master	3.27073855840604e-05	0.000648852097775118	0.000180794462523891
ctarjeta_visa_descuentos_lag1	3.25883210014849e-05	5.16047321936192e-05	5.16555607211116e-05
ccheques_emitidos_lag1	3.15074792282469e-05	0.000316808160585582	0.000129138901802779
ctarjeta_visa_lag1	3.12367198257937e-05	2.89317306160773e-05	5.16555607211116e-05
cforex_buy_avg6	3.10876534884525e-05	3.90985963414882e-05	2.58277803605558e-05
cseguro_vivienda_tend6	3.0806660079351e-05	0.00102941915289201	0.000103311121442223
mforex_buy_lag1	2.97821864775223e-05	0.000435515289562341	5.16555607211116e-05
tpaquete9_tend6	2.96868490977795e-05	0.00020900187287273	2.58277803605558e-05
minversion2_tend6	2.95489772247174e-05	0.000887244497509317	0.000103311121442223
Master_delinquency_delta1	2.90185233014516e-05	1.92300606545029e-05	7.74833410816675e-05
cforex_buy	2.8958052084755e-05	0.000299147951032533	2.58277803605558e-05
cliente_edad_delta1	2.89340950567426e-05	0.000128531374330075	7.74833410816675e-05
tpaquete7_delta1	2.80863220707136e-05	0.000565854773988259	2.58277803605558e-05
tcuentas	2.73903824722923e-05	0.000293714759873314	2.58277803605558e-05
cplazo_fijo_delta1	2.69764858547354e-05	0.000259137177177406	7.74833410816675e-05
ccajas_depositos_delta1	2.67780946905574e-05	0.000146529773819373	5.16555607211116e-05
cseguro_vivienda_lag1	2.59699145102509e-05	0.000199994304527039	7.74833410816675e-05
active_quarter_delta1	2.5726412057102e-05	0.000197651588505772	5.16555607211116e-05
cforex_sell_delta1	2.48058037614774e-05	0.000197452218892699	0.000129138901802779
cseguro_vida_lag1	2.4594261954466e-05	6.70915668288501e-05	5.16555607211116e-05
ctarjeta_master_descuentos_lag1	2.36816748675548e-05	5.56758104654996e-05	5.16555607211116e-05
ccheques_depositados_rechazados_avg6	2.31699917191281e-05	0.000831794639271966	5.16555607211116e-05
cseguro_vivienda	2.19764166356043e-05	0.000247011074266737	0.000103311121442223
minversion1_pesos_delta1	2.19562000883091e-05	1.98330922002168e-05	5.16555607211116e-05
ctarjeta_visa_tend6	2.14726807908315e-05	0.000143914832128898	0.000232450023245002
mtarjeta_master_descuentos_tend6	2.13052327455559e-05	0.000128929621285571	7.74833410816675e-05
ccaja_seguridad_tend6	2.11541509045531e-05	0.000999593951046979	5.16555607211116e-05
minversion2_delta1	2.07511884162078e-05	0.000811087766668777	5.16555607211116e-05
mprestamos_hipotecarios_tend6	2.04071859711984e-05	5.24612831238576e-06	2.58277803605558e-05
Master_msaldodolares_lag1	2.03248720972783e-05	6.12891726824589e-05	7.74833410816675e-05
cprestamos_prendarios_avg6	2.01388627470521e-05	0.000253254542915136	5.16555607211116e-05
mpagodeservicios_avg6	1.99819014774623e-05	0.000340625691423356	5.16555607211116e-05
ccajas_extracciones_delta1	1.95976121314374e-05	4.34532225075165e-05	7.74833410816675e-05
mcheques_emitidos_rechazados_lag1	1.95925577127132e-05	0.000456390026457032	2.58277803605558e-05
mcheques_emitidos	1.90066134154571e-05	0.000572102180801854	5.16555607211116e-05
ctarjeta_master_debitos_automaticos_delta1	1.88688484390464e-05	0.000167902196340771	2.58277803605558e-05
cprestamos_prendarios_lag1	1.88395127504099e-05	0.000110872149318326	2.58277803605558e-05
tcuentas_delta1	1.87917818169187e-05	0.00118280921048369	5.16555607211116e-05
Visa_madelantopesos_lag1	1.7671488672814e-05	3.44589454693632e-06	2.58277803605558e-05
mpagodeservicios_tend6	1.6624830633015e-05	0.000156804446817038	2.58277803605558e-05
Visa_cadelantosefectivo_lag1	1.5229727585604e-05	0.000226625654397711	5.16555607211116e-05
mcajeros_propios_descuentos_tend6	1.48228832522741e-05	0.00021834861569597	2.58277803605558e-05
mtarjeta_visa_descuentos_lag1	1.47567107294938e-05	6.2968307868116e-05	7.74833410816675e-05
cforex_sell	1.28721001005717e-05	2.8198739618879e-05	7.74833410816675e-05
ccheques_depositados_rechazados_tend6	1.22322740274822e-05	8.20733317776301e-05	5.16555607211116e-05
Visa_cadelantosefectivo_delta1	1.20257533053093e-05	2.13704534387999e-05	2.58277803605558e-05
cprestamos_hipotecarios_tend6	1.18877330398493e-05	0.000498553992133345	2.58277803605558e-05
mcheques_emitidos_rechazados_tend6	1.17498736831672e-05	0.000401299033523212	5.16555607211116e-05
mtarjeta_visa_descuentos_delta1	1.16152737722713e-05	7.43254840241686e-05	2.58277803605558e-05
mcheques_emitidos_rechazados_avg6	1.10526216690017e-05	0.000483467373536208	5.16555607211116e-05
cseguro_accidentes_personales_delta1	1.05842433914495e-05	0.00050692800815305	2.58277803605558e-05
minversion1_pesos_lag1	9.91714423895069e-06	0.000582884384839218	2.58277803605558e-05
cinversion1_lag1	9.39960658193699e-06	0.0003161687010118	2.58277803605558e-05
mcheques_emitidos_rechazados	8.50579902657663e-06	0.000580833585313141	2.58277803605558e-05
Master_delinquency_lag1	8.3515349805115e-06	5.51540035769636e-06	2.58277803605558e-05
Master_Finiciomora_tend6	8.1611876765909e-06	0.000156825614454969	5.16555607211116e-05
Master_mpagosdolares	8.02267173464713e-06	1.88396900294e-05	0.000103311121442223
ccheques_emitidos_rechazados_lag1	7.93362229635529e-06	0.00028149266418598	2.58277803605558e-05
ctarjeta_master_lag1	7.68537038439114e-06	0.000525044552598243	2.58277803605558e-05
ctarjeta_debito_delta1	7.62878101109641e-06	0.000293778755057757	2.58277803605558e-05
Master_mconsumosdolares_lag1	7.60750537784003e-06	2.26892465089774e-05	0.000129138901802779
cseguro_vivienda_delta1	7.3796703175953e-06	5.80775989647143e-05	2.58277803605558e-05
mcajeros_propios_descuentos_avg6	7.30037307357104e-06	6.11011252943261e-05	5.16555607211116e-05
Master_madelantopesos	6.99526454668367e-06	2.71684171493451e-06	2.58277803605558e-05
Visa_madelantodolares_delta1	6.67189877402223e-06	1.20793371989605e-05	5.16555607211116e-05
Master_madelantopesos_tend6	6.49378055182437e-06	0.000120661443455522	5.16555607211116e-05
Master_madelantopesos_avg6	6.02361194359326e-06	1.95234539616421e-05	0.000103311121442223
mtarjeta_visa_descuentos	5.45231512313699e-06	2.60672077062741e-05	2.58277803605558e-05
cseguro_auto	5.36027485108071e-06	7.70226349131206e-05	2.58277803605558e-05
mcajeros_propios_descuentos_delta1	5.13765738757853e-06	2.66973141377139e-05	2.58277803605558e-05
ccheques_emitidos_delta1	4.58344966872849e-06	5.15815954730898e-05	2.58277803605558e-05
ccajas_extracciones	3.90780569178017e-06	0.000157262750791781	7.74833410816675e-05
ctarjeta_visa_descuentos_delta1	3.74691616648066e-06	3.48301175391332e-05	2.58277803605558e-05
cforex_sell_lag1	3.49334873959367e-06	8.69103831802296e-06	2.58277803605558e-05
Visa_madelantodolares_lag1	2.68336233147363e-06	2.83926942548066e-05	5.16555607211116e-05
ctarjeta_visa_descuentos	2.47686983458353e-06	5.55158225043919e-05	2.58277803605558e-05
cinversion1_tend6	1.12386406170022e-06	0.000162934200945388	5.16555607211116e-05
cinversion1_avg6	1.12133313235333e-06	9.82478685102996e-05	5.16555607211116e-05
Visa_status_lag1	7.39613519272488e-07	5.48291049482524e-05	5.16555607211116e-05
mcheques_depositados_lag1	4.99385410348606e-07	7.37716795434109e-06	2.58277803605558e-05
tpaquete1_avg6	1.77495716024512e-07	3.54474249336843e-05	2.58277803605558e-05
Master_cadelantosefectivo_tend6	1.27291426121438e-07	7.16746065762754e-06	5.16555607211116e-05
mcajeros_propios_descuentos_lag1	6.99069144479122e-08	9.58155592308121e-06	2.58277803605558e-05
Visa_madelantodolares_tend6	1.48217478700136e-08	3.75159462031453e-06	2.58277803605558e-05
Master_cadelantosefectivo_lag1	1.68559359087475e-12	5.42974526467251e-06	2.58277803605558e-05
ctarjeta_master_descuentos_delta1	1.69342291932901e-13	2.79215912431754e-06	2.58277803605558e-05
ccheques_depositados_lag1	5.01019925918003e-14	3.57043902127559e-06	2.58277803605558e-05
