Feature	Gain	Cover	Frequency
Visa_status_avg6	0.123951848114786	0.00669698932112686	0.00206369952534911
mcaja_ahorro	0.104151626385711	0.00758069829223009	0.00667262846529545
mpasivos_margen_avg6	0.0562260156931102	0.00347069718534257	0.00233885946206232
ctarjeta_visa_trx	0.0288741566910069	0.0048870883090853	0.00481529889248126
cpayroll_trx	0.0196426264618697	0.00765291894202723	0.00151337965192268
varnueva_02	0.0190445910304973	0.00917707211794872	0.00708536837036528
ctrx_quarter_lag1	0.0161713007249516	0.00591399507771002	0.00550319873426429
ctrx_quarter_normalizado_lag1	0.015336717381669	0.00303550640795758	0.00412739905069822
varnueva_01	0.0135449239684677	0.00419593766582237	0.00103184976267455
mactivos_margen_avg6	0.0121824285368757	0.00175571358053947	0.00206369952534911
varnueva_05	0.0111597826622044	0.00665150396589507	0.00557198871844259
mtarjeta_visa_consumo	0.0109002016676219	0.00461310985434845	0.00536561876590768
mdescubierto_preacordado_delta1	0.00994674628789678	0.00678730820893529	0.000619109857604733
mpasivos_margen	0.00891293628241576	0.00317805563380972	0.0018573295728142
Master_status_lag1	0.00823285618908649	1.64589284159574e-05	6.87899841783036e-05
mpayroll	0.00750478367531024	0.00874757869319797	0.00247643943041893
mdescubierto_preacordado_tend6	0.00707091877271153	0.00572241285835955	0.000481529889248126
mprestamos_personales	0.00647345590403224	0.00793838150414237	0.0018573295728142
mv_status05_tend6	0.00599120447693465	0.00165732574594749	0.000894269794317947
mprestamos_personales_tend6	0.00590565362850388	0.00476750648524327	0.00103184976267455
mcomisiones	0.00561623363259596	0.00200291285240252	0.00343949920891518
mv_msaldototal	0.00520475073532011	0.00311293432427791	0.00440255898741143
mv_status04_tend6	0.0051121994513269	0.00162732646162764	0.00075668982596134
foto_mes	0.00491428409442614	0.0045404259390732	0.0037146591456284
ctrx_quarter_tend6	0.00484155640775122	0.00289833268714437	0.003852239113985
varnueva_06	0.00482570507546639	0.00461643561283337	0.00144458966774438
mes	0.00472300456083436	0.00786547164535324	0.00419618903487652
mv_mpagominimo_avg6	0.003987058880442	0.00317404879379734	0.00261401939877554
ctrx_quarter_normalizado_avg6	0.00395955803989647	0.0022715117383682	0.00282038935131045
varnueva_06_tend6	0.00390623114792381	0.00674494298733585	0.00137579968356607
mcuentas_saldo_tend6	0.00376939197979944	0.0026373866217784	0.00454013895576804
mdescubierto_preacordado_avg6	0.0035469850750784	0.0018185177499343	0.00075668982596134
cprestamos_personales	0.00345572171759216	0.00305742943077582	0.00075668982596134
cliente_edad_lag1	0.00338660300751781	0.00697308335488039	0.00811721813303983
varnueva_06_lag1	0.00338430465590981	0.00221167897000486	0.00116942973103116
mcuentas_saldo	0.003206597677457	0.00515044741866968	0.00612230859186902
mcuenta_corriente_tend6	0.00316596510883274	0.00502717653867832	0.00412739905069822
mvr_mpagominimo	0.00313312582953084	0.00230457832780098	0.0018573295728142
varnueva_03	0.00302693803923664	0.00549451956573666	0.00852995803810965
mprestamos_personales_delta1	0.00300134627567891	0.00299717647249637	0.00103184976267455
mtarjeta_visa_debitos_automaticos_tend6	0.00297308351258725	0.00425647752359966	0.00213248950952741
mpayroll_sobre_edad	0.00291934644978589	0.00410433382587204	0.000894269794317947
tcallcenter_tend6	0.00289609159010255	0.00399723497479879	0.00151337965192268
varnueva_07_delta1	0.00289305144185105	0.00141742412448427	0.00454013895576804
mautoservicio_avg6	0.00283274121452458	0.00180840718406128	0.00137579968356607
mv_fechaalta_lag1	0.00267460636280588	0.00267259317262144	0.00398981908234161
mpayroll_sobre_edad_lag1	0.00265280213192551	0.00330249605594668	0.00254522941459723
varnueva_02_tend6	0.00257201481012415	0.00259972638939431	0.00495287886083786
mcuenta_corriente_avg6	0.00255190883075528	0.00450076309942937	0.00440255898741143
mv_status01_avg6	0.0024957029782073	0.0014535246964254	0.000825479810139644
varnueva_07_avg6	0.00249467738857656	0.00232542283607633	0.0056407787026209
cproductos_tend6	0.00246988222241474	0.00545616849886768	0.00165095962027929
varnueva_04	0.00239718830476815	0.00505747003721409	0.00515924881337277
varnueva_08_avg6	0.00236299003744376	0.001278950822093	0.00275159936713215
mrentabilidad_annual_delta1	0.00232610180886458	0.00191381552251268	0.00481529889248126
varnueva_08_tend6	0.00231069200491941	0.00286339027889849	0.00405860906651991
ccomisiones_otras_avg6	0.00230085118819659	0.00418318892496352	0.00495287886083786
ccomisiones_mantenimiento_tend6	0.00229104922116787	0.00486699802951817	0.00116942973103116
varnueva_07_lag1	0.00227253986848195	0.00156770256910267	0.00474650890830295
Master_fechaalta_lag1	0.00226831812175458	0.00445962756321304	0.00625988856022563
mrentabilidad_annual_lag1	0.0022605239713082	0.00249347685836425	0.0056407787026209
mcomisiones_otras_avg6	0.00223809844047482	0.00272313381078974	0.00309554928802366
cliente_edad_avg6	0.00221379834958877	0.00533084543408296	0.00433376900323313
ctrx_quarter_normalizado_delta1	0.0022061915378384	0.0038722662674675	0.0037834491298067
mcaja_ahorro_dolares_delta1	0.00218219238042964	0.00483753353236427	0.00165095962027929
varnueva_03_avg6	0.0021594539295907	0.00268631964746303	0.00543440875008599
varnueva_03_lag1	0.00215114648119501	0.00290229645159474	0.00646625851276054
varnueva_04_tend6	0.0021468481165804	0.00161883651218153	0.00240764944624063
mv_mpagominimo_lag1	0.00209400811441552	0.0017941946868409	0.00130700969938777
mrentabilidad_annual	0.00209036516698448	0.0026620144647916	0.00405860906651991
mcomisiones_mantenimiento_avg6	0.00208836633314808	0.00437514094395001	0.003852239113985
cpayroll_trx_lag1	0.00206774905731275	0.0027130151174522	0.000412739905069822
mcuentas_saldo_delta1	0.00205935740579006	0.00407582024206793	0.00495287886083786
mtransferencias_recibidas_lag1	0.00201369520584149	0.00217647404465472	0.00357707917727179
mprestamos_personales_lag1	0.00199363653063712	0.000429922554877837	0.000619109857604733
ctrx_quarter_normalizado	0.00198968223607274	0.00514990856777146	0.00309554928802366
mcomisiones_mantenimiento_tend6	0.00198428477106946	0.00548895062704198	0.00171974960445759
Visa_fechaalta_tend6	0.00197109349644637	0.00485825450317879	0.00199490954117081
Master_fultimo_cierre_avg6	0.00195464577621502	0.00263858135906404	0.003852239113985
mrentabilidad_lag1	0.00193168876752746	0.00149884018764856	0.00405860906651991
ccomisiones_mantenimiento_avg6	0.0018992445218129	0.00521087267919712	0.00240764944624063
mv_fultimo_cierre_avg6	0.00186747600405399	0.0016663927453751	0.00364586916145009
mcuentas_saldo_avg6	0.0018663977619165	0.00204401181502847	0.00337070922473688
Master_Fvencimiento_lag1	0.00184024107525018	0.00156784479973191	0.00302675930384536
mdescubierto_preacordado	0.00183707675598464	0.00111106260008145	0.000481529889248126
mcomisiones_tend6	0.00182682759766993	0.00275713180765745	0.00309554928802366
mv_fechaalta	0.00178724639069613	0.00171316549098815	0.00337070922473688
mactivos_margen_lag1	0.00178360013153946	0.00359011564714759	0.00612230859186902
Visa_delinquency_avg6	0.00177805326538791	0.00181496686068195	0.000825479810139644
mv_mfinanciacion_limite	0.00177016086683618	0.000985857383532383	0.00165095962027929
mcuentas_saldo_lag1	0.00176625122328245	0.00265874316031902	0.00247643943041893
mcaja_ahorro_avg6	0.00176035705118122	0.00316732250415384	0.0057095686867992
mcomisiones_otras	0.0017442682492259	0.00192909759406496	0.00460892893994634
varnueva_07_tend6	0.00173444062335641	0.00199766738679606	0.0037834491298067
varnueva_03_delta1	0.00171324693049263	0.00301449691215231	0.00302675930384536
mrentabilidad_tend6	0.00166088292863718	0.00130659720543195	0.00343949920891518
cliente_edad	0.00163955911872365	0.00429625008401462	0.003852239113985
mrentabilidad	0.00163813227044361	0.00248589474670594	0.00364586916145009
mcuenta_debitos_automaticos	0.0016249552067074	0.00605934665333146	0.00261401939877554
Master_mlimitecompra_avg6	0.00161286267268329	0.00155921993437464	0.00357707917727179
thomebanking_avg6	0.00161065604363922	0.00132896073682761	0.00268280938295384
Master_Fvencimiento	0.00161058930298898	0.00179272767949357	0.00357707917727179
chomebanking_trx	0.00160535287934838	0.00375456920264954	0.00316433927220197
varnueva_08	0.00157902241133642	0.00369691134379394	0.00275159936713215
Visa_cconsumos_tend6	0.00157829951371842	0.000965636251786345	0.00199490954117081
mv_Fvencimiento_lag1	0.00157231805123344	0.00142570926182426	0.00398981908234161
mv_Fvencimiento_avg6	0.00157092345031873	0.00175337855998053	0.0037834491298067
cproductos_delta1	0.0015655122805211	0.00230196290971582	0.00075668982596134
mpasivos_margen_tend6	0.00155071588469306	0.00302665966281869	0.0037834491298067
numero_de_cliente	0.00154893972261072	0.0023995583165163	0.0037834491298067
Visa_mfinanciacion_limite	0.00154481857727651	0.00130430932416728	0.00295796931966706
mautoservicio	0.00153842240198591	0.00228506916194761	0.00151337965192268
Visa_fechaalta	0.00152823850228039	0.00227234155249652	0.00412739905069822
Visa_mpagospesos_tend6	0.0015148384438483	0.0022931372959847	0.00288917933548875
ccomisiones_otras	0.00150891934513337	0.00257422403119788	0.00247643943041893
cprestamos_personales_avg6	0.00149704733168534	0.00217450801098536	0.00123821971520947
cprestamos_personales_delta1	0.00148780116957042	0.00104343965696788	0.000275159936713215
Visa_cconsumos_avg6	0.00148473487467917	0.00173056232881066	0.00343949920891518
mpasivos_margen_lag1	0.00147908669396918	0.00177569413933548	0.00433376900323313
Visa_status_tend6	0.00146524750748091	0.00190726641159589	0.000894269794317947
Visa_Fvencimiento	0.00146232378772032	0.0014459303935703	0.0037146591456284
varnueva_03_tend6	0.00146181075609507	0.00144295980528526	0.00316433927220197
Master_Fvencimiento_avg6	0.00144690860005762	0.0017963598433912	0.00350828919309349
ccaja_ahorro_avg6	0.00143893732876894	0.00380866885753472	0.00103184976267455
chomebanking_trx_tend6	0.00142291431474874	0.00148717402506485	0.00261401939877554
Master_mfinanciacion_limite	0.00142121544040898	0.0021517689907285	0.00268280938295384
tmobile_app_delta1	0.00141794177576	0.000308154443077729	0.00075668982596134
cprestamos_personales_lag1	0.00141359446081004	0.00041169102644829	0.000343949920891518
thomebanking	0.00141274408345211	0.00152950186032746	0.000825479810139644
ccaja_ahorro_tend6	0.00139458109441284	0.00260014251557815	0.000343949920891518
chomebanking_trx_avg6	0.00139072228970696	0.00219662528020582	0.00302675930384536
mv_mpagominimo	0.00138775051094095	0.00459867385185355	0.00467771892412465
internet_avg6	0.00138739826702404	0.000835220517728284	0.00110063974685286
mv_Finiciomora_avg6	0.00137552419102269	0.00180201086947763	0.000481529889248126
varnueva_07	0.0013739060999292	0.00123808918143127	0.00254522941459723
mtransferencias_recibidas_avg6	0.00137166560031677	0.00158367384964694	0.00426497901905483
mactivos_margen	0.00134418252849912	0.00265555231774527	0.00240764944624063
Visa_mfinanciacion_limite_lag1	0.00133271512771293	0.00132613644290408	0.00254522941459723
mcuenta_corriente_lag1	0.00132258668231469	0.00127922715588695	0.00233885946206232
mtransferencias_recibidas	0.00132197002143263	0.00225064366044572	0.00220127949370572
ctrx_quarter_normalizado_tend6	0.00130778192952962	0.00170182930346429	0.00288917933548875
varnueva_06_delta1	0.0012794355028551	0.000975230723661826	0.000825479810139644
ccomisiones_mantenimiento_delta1	0.00127630551073605	0.00324677172090233	0.000412739905069822
mrentabilidad_annual_avg6	0.00125136545229725	0.000734147368856206	0.00199490954117081
Visa_mpagospesos_lag1	0.00124613585180836	0.00258620553940528	0.00433376900323313
mcomisiones_otras_tend6	0.00124609340528635	0.00246721051850217	0.0019261195569925
Visa_fechaalta_lag1	0.00124368225836615	0.0018180268510768	0.00337070922473688
Master_fechaalta	0.00121728109830519	0.00247443502172125	0.00350828919309349
cproductos	0.00121539785273527	0.00272744136698966	0.0019261195569925
mcomisiones_otras_lag1	0.00121285614435295	0.00129088437825968	0.00323312925638027
varnueva_02_delta1	0.00119735254852855	0.00242064664872749	0.00261401939877554
mv_fechaalta_avg6	0.0011966044214159	0.00167074662812283	0.00364586916145009
mv_mfinanciacion_limite_avg6	0.00119454055763886	0.000926899943098727	0.00213248950952741
Visa_msaldopesos_avg6	0.00118760751621348	0.00151538689268142	0.00213248950952741
cliente_antiguedad_lag1	0.00118277694621467	0.00310071386861339	0.00316433927220197
mcaja_ahorro_dolares_avg6	0.00115576002837095	0.00130254647711112	0.00330191924055857
mcomisiones_mantenimiento	0.00114685274627367	0.0035901034559508	0.00199490954117081
mtransferencias_emitidas_avg6	0.0011467615191323	0.00254248059299028	0.0037146591456284
mv_status03_tend6	0.00114538004932875	0.000790991668512543	0.000275159936713215
mcomisiones_otras_delta1	0.00113492173611907	0.00184391851482413	0.00240764944624063
Visa_Fvencimiento_tend6	0.00113251533071467	0.00190305638497031	0.00206369952534911
tcallcenter	0.00113198274779028	0.000610242546631647	0.000206369952534911
mcaja_ahorro_dolares_tend6	0.0011264021646008	0.00202006830452854	0.00220127949370572
ctarjeta_visa_trx_tend6	0.0011260590746162	0.00127084692721198	0.00137579968356607
Master_fechaalta_avg6	0.00112513073748289	0.00211948507612979	0.00309554928802366
varnueva_08_delta1	0.00112413367628435	0.00158224260314353	0.00206369952534911
mcaja_ahorro_lag1	0.00112403060679746	0.00157031717444138	0.0037834491298067
ctrx_quarter	0.00111570576557631	0.00218134808513226	0.00151337965192268
mcuenta_corriente	0.00111384019532876	0.00211763120147091	0.00206369952534911
cliente_antiguedad	0.00111381024587601	0.00137658117699095	0.00282038935131045
mv_status06_avg6	0.0010701048753028	0.000359447684461339	0.000206369952534911
chomebanking_trx_delta1	0.0010628186321286	0.00338036610633734	0.0019261195569925
cpayroll_trx_avg6	0.00106017671929699	0.00285574314752395	0.00220127949370572
mv_Fvencimiento	0.00104861368567318	0.00129248061229301	0.00295796931966706
Visa_mpagominimo_tend6	0.0010452711300833	0.00127604931725645	0.00261401939877554
Master_Fvencimiento_tend6	0.00103750142626107	0.00142753225211793	0.00350828919309349
ctrx_quarter_delta1	0.00103577303860064	0.00174553068023215	0.00199490954117081
mcaja_ahorro_tend6	0.00103260270948511	0.000817022311903303	0.00240764944624063
mvr_mpagominimo_lag1	0.00102270546221891	0.000820351321374033	0.00130700969938777
mv_mpagominimo_tend6	0.00102204810512875	0.000849554926916583	0.00165095962027929
Visa_fechaalta_avg6	0.00102173425483352	0.00159513601287099	0.00268280938295384
Visa_mpagominimo_delta1	0.00101511298803114	0.00126287469725631	0.00206369952534911
cliente_vip	0.00101408502003609	0.00198799814224692	0.000687899841783036
ctransferencias_recibidas_avg6	0.000997990613170844	0.00148814932080823	0.00220127949370572
Visa_fultimo_cierre_tend6	0.00098897418429077	0.00217836855663624	0.0018573295728142
mrentabilidad_annual_tend6	0.00098762175322508	0.000873574835583079	0.00227006947788402
mvr_msaldopesos_tend6	0.000982047386274448	0.00252658977434484	0.00247643943041893
mv_fultimo_cierre	0.000978675483581677	0.00147362147796416	0.00247643943041893
mvr_msaldopesos2_tend6	0.000964716884483293	0.001409134923412	0.00268280938295384
mcomisiones_lag1	0.000961569465484811	0.00109674119483639	0.00275159936713215
Visa_mlimitecompra_avg6	0.000960491086002603	0.00144543217999472	0.00213248950952741
Visa_mpagominimo	0.000959954928422212	0.00272077034410496	0.00302675930384536
Visa_mfinanciacion_limite_avg6	0.00095356183990754	0.00156629814323221	0.00206369952534911
Visa_fultimo_cierre_avg6	0.000948585142555659	0.0011829695297478	0.00213248950952741
ccaja_seguridad	0.000948492056135318	0.00350839074033122	0.000481529889248126
Visa_msaldototal	0.000947311556782957	0.00150779258982632	0.0018573295728142
mpayroll_sobre_edad_delta1	0.000943399676255377	0.00273164001516491	0.0019261195569925
ctarjeta_visa_debitos_automaticos_tend6	0.000938620408930195	0.00239113419953287	0.00178853958863589
Visa_Fvencimiento_avg6	0.000936960107792219	0.000806463922734783	0.00220127949370572
ctransferencias_recibidas_tend6	0.000930971501782974	0.00158835770745451	0.00240764944624063
Master_fultimo_cierre_tend6	0.000919785310531269	0.0016996812145895	0.00220127949370572
mv_fechaalta_tend6	0.000913762177547877	0.00164112283266417	0.00151337965192268
Master_mlimitecompra	0.000912857921035691	0.000847944876193557	0.00213248950952741
Visa_cconsumos	0.000912013504884128	0.00187562294120199	0.00268280938295384
varnueva_08_lag1	0.000909391543492511	0.00125811200304282	0.00350828919309349
Visa_mconsumospesos	0.000905502191844828	0.00163601228296887	0.00350828919309349
Visa_Fvencimiento_lag1	0.000898487959361077	0.00100630527153876	0.0019261195569925
mcomisiones_mantenimiento_lag1	0.000898323116019842	0.00150883615627173	0.00178853958863589
Master_mpagominimo	0.000897420945386145	0.00215691448852128	0.00158216963610098
Master_status_avg6	0.000894027161286271	0.00025067132470948	0.000481529889248126
Visa_mpagospesos_avg6	0.000890340563363177	0.000562681436959363	0.0018573295728142
mvr_msaldopesos2_avg6	0.000880951138213852	0.00106266679980212	0.00282038935131045
varnueva_02_avg6	0.000877863340337816	0.000916005889645194	0.00213248950952741
tmobile_app	0.000868632381897403	0.000595916264907876	0.00123821971520947
Master_mfinanciacion_limite_avg6	0.000858140968495468	0.00110697042169152	0.00220127949370572
cproductos_lag1	0.000856458585178712	0.00133862754313739	0.00137579968356607
mcuenta_corriente_delta1	0.000845885590030345	0.00250546649403618	0.00171974960445759
mtarjeta_visa_debitos_automaticos_avg6	0.000840292091035468	0.000618634966503415	0.00165095962027929
ccomisiones_otras_tend6	0.000833017140963777	0.00124965943993354	0.00240764944624063
varnueva_02_lag1	0.000821949068016851	0.0009732744429499	0.00233885946206232
ctarjeta_debito_trx_avg6	0.000817187171999375	0.00281287564861668	0.00323312925638027
cmobile_app_trx_tend6	0.000815358584122103	0.00131125424260658	0.0019261195569925
cproductos_avg6	0.000806990736520294	0.00306949546461431	0.0018573295728142
mvr_Visa_mlimitecompra_avg6	0.000802617820393602	0.000532462711097247	0.00165095962027929
tpaquete7_tend6	0.000799585570849948	0.00391835793155309	0.000343949920891518
mv_status07	0.000797923572863621	0.000659676224131216	0.000275159936713215
Visa_Finiciomora_avg6	0.000787965704559887	0.00166288330619184	0.000412739905069822
mcaja_ahorro_dolares	0.000783962702537739	0.00419410167158546	0.00158216963610098
mrentabilidad_delta1	0.00078146217352813	0.00107544317404037	0.00213248950952741
mcomisiones_avg6	0.000774669201411604	0.00148259582429614	0.00165095962027929
Visa_mlimitecompra	0.000773830476716781	0.000677099069840212	0.0018573295728142
cliente_antiguedad_avg6	0.000772414739196312	0.00110194521037377	0.00268280938295384
Master_fechaalta_tend6	0.000771607057356713	0.000728871831630983	0.00130700969938777
Master_msaldototal_lag1	0.000764801548464988	0.0015394295582486	0.000894269794317947
cpagomiscuentas_avg6	0.000764312251246728	0.000981253174877186	0.00206369952534911
ccomisiones_otras_lag1	0.000762399645184647	0.000379759843810093	0.00103184976267455
Visa_mconsumosdolares_avg6	0.000760450696191376	0.00110243773472417	0.00178853958863589
ctarjeta_visa_debitos_automaticos_avg6	0.000756458302171533	0.000739050668206039	0.0018573295728142
mvr_Visa_mlimitecompra_lag1	0.000752044795161716	0.000667779306265782	0.00165095962027929
Visa_mconsumospesos_tend6	0.00074932896787423	0.00061584155694509	0.00199490954117081
Visa_mpagospesos	0.000745968739818612	0.00133171025807748	0.00268280938295384
varnueva_04_avg6	0.000738854576700134	0.00149889139067509	0.00233885946206232
Visa_mconsumospesos_avg6	0.000738734652872366	0.0011351434647319	0.00233885946206232
internet_delta1	0.000737071355156896	0.000533594054159566	0.00144458966774438
ccajas_otras	0.000734225644002317	0.0021395704792182	0.000206369952534911
mvr_msaldopesos_lag1	0.000732068197590428	0.0027220252246281	0.00213248950952741
Master_mpagospesos_tend6	0.000725730543456864	0.00316401218785153	0.00137579968356607
mpagomiscuentas	0.000721849316443076	0.00302336397595253	0.00123821971520947
mvr_mpagospesos_delta1	0.000716277378622685	0.00112646414536229	0.00199490954117081
ccaja_ahorro	0.000711295049027165	0.00220721374099309	0.000619109857604733
Master_mlimitecompra_lag1	0.000709914464315644	0.000578448718143975	0.00178853958863589
ccallcenter_trx_delta1	0.000709889309906315	0.000925090769494761	0.000481529889248126
Visa_delinquency	0.0007051164721099	0.00119297525132841	0.000343949920891518
mpayroll_tend6	0.000702322370105456	0.00288910151293329	0.00233885946206232
mrentabilidad_avg6	0.000702243696066647	0.00175167179242962	0.00199490954117081
mvr_mpagospesos_avg6	0.000696923415315956	0.00179451409619686	0.0018573295728142
Visa_mpagominimo_avg6	0.000696657863012512	0.000652039658460566	0.000687899841783036
Visa_mconsumototal_lag1	0.00069555101257392	0.00108392905975422	0.00240764944624063
ctarjeta_debito_avg6	0.000694255446747714	0.00109211585477342	0.00171974960445759
mcuenta_debitos_automaticos_tend6	0.000691435488396606	0.00281785940986534	0.00116942973103116
mvr_mpagominimo_tend6	0.000691073873864364	0.00342402196930385	0.00165095962027929
varnueva_04_lag1	0.000689473140669393	0.00117438611445962	0.00220127949370572
ccallcenter_trx_tend6	0.000684499988974617	0.00210869667971512	0.00123821971520947
mv_status01	0.000681887904552707	0.00209840162039731	0.000275159936713215
cplazo_fijo	0.00068090332210586	0.00371127176086873	0.000412739905069822
mv_mlimitecompra_lag1	0.000680435376578283	0.00067388221937997	0.0018573295728142
ctarjeta_visa_trx_lag1	0.000679036462705241	0.00155449625199088	0.00158216963610098
mv_status05_avg6	0.000677157157036901	0.001127795424052	0.00116942973103116
mpayroll_sobre_edad_avg6	0.000673874072904824	0.00166926905507161	0.00165095962027929
mv_mlimitecompra_avg6	0.000670915020214251	0.000417737047310781	0.00130700969938777
tmobile_app_avg6	0.000664445960323787	0.000404156866830695	0.00171974960445759
mv_status07_delta1	0.000663732458779283	0.000437800506244974	0.000206369952534911
mv_mfinanciacion_limite_lag1	0.000662358738254993	0.000574189926731224	0.00165095962027929
ccallcenter_trx	0.000658662520765899	0.00270083123537805	0.000550319873426429
mtransferencias_emitidas_lag1	0.00065672271396243	0.00110406891685497	0.00233885946206232
Master_mlimitecompra_delta1	0.000655341110030319	0.000167802070887552	0.000412739905069822
varnueva_05_avg6	0.000646604484490863	0.000473128156309485	0.00130700969938777
ccaja_ahorro_delta1	0.000646058726583857	0.00303712946262385	0.000206369952534911
mv_cconsumos_avg6	0.000638838780280501	0.000768071405796706	0.00116942973103116
ccajas_consultas_avg6	0.000638698565308309	0.00233349340835278	0.00137579968356607
mv_Fvencimiento_tend6	0.000637767167314062	0.001104740245425	0.00213248950952741
mv_fultimo_cierre_tend6	0.000629185080056457	0.000849339549106587	0.0018573295728142
mvr_Visa_mlimitecompra	0.000623583030506326	0.00108065450429582	0.00158216963610098
mv_mpagospesos	0.000623329649887431	0.00144757457964434	0.00213248950952741
mv_msaldopesos_lag1	0.000615020617658354	0.000542245740149782	0.00130700969938777
mv_status05_delta1	0.000613483341698856	0.0021296232753822	0.000619109857604733
ctransferencias_emitidas_avg6	0.000610186992077225	0.00165870660217083	0.00171974960445759
Master_mpagominimo_avg6	0.00060130408406609	0.00067998838347997	0.00110063974685286
cplazo_fijo_tend6	0.000594339871427011	0.00161388851177679	0.000343949920891518
mv_status06_tend6	0.000593895061865729	0.00269521190640328	0.000412739905069822
ccajas_extracciones_avg6	0.000592523619934279	0.00332271637494627	0.00144458966774438
ctrx_quarter_avg6	0.000591521965379698	0.000974767458183722	0.00233885946206232
Visa_msaldopesos	0.000591428225568262	0.00157197842819093	0.00323312925638027
Visa_mconsumospesos_lag1	0.000589161364739645	0.000486410058841388	0.00171974960445759
mcuenta_debitos_automaticos_avg6	0.000588629270637146	0.000822140989063132	0.0019261195569925
ccallcenter_trx_avg6	0.000587326608795782	0.00189139347337241	0.00165095962027929
cextraccion_autoservicio_avg6	0.000583901473716881	0.00057479217185276	0.00199490954117081
mtarjeta_visa_debitos_automaticos	0.000582981331220802	0.000427086882503966	0.0018573295728142
mv_status02	0.000579753312346052	0.000483101368031978	0.000206369952534911
matm_avg6	0.000578430173993974	0.00125870449520692	0.00158216963610098
mpayroll_avg6	0.000576625296355187	0.00291661298036108	0.00261401939877554
mpagomiscuentas_avg6	0.00057481585863851	0.0012105256982305	0.00123821971520947
mcomisiones_delta1	0.000571609942292852	0.000986246689083281	0.0019261195569925
Visa_mconsumototal_avg6	0.000569842666862448	0.000468751516661076	0.00151337965192268
mvr_mpagospesos_tend6	0.000568950564613142	0.00063838470530682	0.00165095962027929
Visa_fultimo_cierre_delta1	0.000567534948864583	0.000100378250654922	0.000619109857604733
Visa_msaldototal_tend6	0.000567289506570204	0.000711332763179235	0.0019261195569925
mv_mconsumospesos_lag1	0.0005671929282299	0.000450567127525792	0.00158216963610098
mtarjeta_visa_debitos_automaticos_lag1	0.00056719247294186	0.000950563056072437	0.00206369952534911
mv_cconsumos_tend6	0.000562601074205923	0.00095421635137784	0.00144458966774438
Master_mfinanciacion_limite_lag1	0.000562302135913329	0.000705484239704778	0.00130700969938777
mvr_msaldototal_lag1	0.000561194205795496	0.000507846246534385	0.00137579968356607
cmobile_app_trx_avg6	0.000560778003363871	0.000808395008306671	0.00144458966774438
mpasivos_margen_delta1	0.000555850139042545	0.000882259031431408	0.00165095962027929
Visa_mconsumototal	0.000554581982056349	0.000987526764746465	0.00158216963610098
mv_Finiciomora	0.00054685822298753	0.00259659894104388	0.000275159936713215
mactivos_margen_delta1	0.000544238699383597	0.00253476762915307	0.00158216963610098
ctarjeta_master_trx_tend6	0.000542079993994815	0.00276297789289255	0.00110063974685286
ctarjeta_visa_trx_avg6	0.000540918907974293	0.000842331236443963	0.00247643943041893
mv_mfinanciacion_limite_tend6	0.000539549957613185	0.00384722636200272	0.000894269794317947
tpaquete9	0.000539452041637741	0.00187787343612984	0.000343949920891518
mcaja_ahorro_delta1	0.000537176494714417	0.00104606320251756	0.00110063974685286
ccajas_trx_avg6	0.000536626448344052	0.00152293080525645	0.00103184976267455
Master_msaldototal_avg6	0.000536226369716729	0.00128317954188699	0.00178853958863589
varnueva_01_avg6	0.000535687318592873	0.00206337549926679	0.00240764944624063
mv_mpagospesos_avg6	0.000534964586039415	0.000665355696343488	0.00116942973103116
mv_cconsumos_delta1	0.000533222895203639	0.00249275757775351	0.00144458966774438
mv_fultimo_cierre_lag1	0.000531833715636634	0.00116932351680504	0.00123821971520947
mv_mpagominimo_delta1	0.000530721133502878	0.000688087401882271	0.00130700969938777
mextraccion_autoservicio_avg6	0.000521445226899308	0.000791113580480465	0.00158216963610098
mcomisiones_mantenimiento_delta1	0.000521288953651307	0.00114942179441496	0.000206369952534911
mtransferencias_emitidas	0.000520930563827815	0.00154107293157619	0.00199490954117081
mpagomiscuentas_lag1	0.000518800672567883	0.00136499385081317	0.00158216963610098
mvr_mconsumosdolares_avg6	0.000512641024403524	0.000696145782961933	0.00130700969938777
Visa_mconsumosdolares_lag1	0.000512336149918804	0.000650708379770855	0.00165095962027929
mforex_sell_avg6	0.000508819885849653	0.000597449917464338	0.00075668982596134
mpayroll_sobre_edad_tend6	0.000507078716360105	0.00149107683353127	0.00171974960445759
mv_mpagospesos_tend6	0.000506904720895338	0.000773774447656109	0.00123821971520947
mv_msaldopesos_tend6	0.000505928753721022	0.000986499453230107	0.00130700969938777
Master_fultimo_cierre	0.00050448927012593	0.00039743138993365	0.00110063974685286
Visa_mpagado_avg6	0.000501245293401966	0.00186874385522536	0.00103184976267455
Visa_msaldototal_lag1	0.000499838854044178	0.000651436600592577	0.00130700969938777
mactivos_margen_tend6	0.000498692018200592	0.000459037571057031	0.00103184976267455
tmobile_app_lag1	0.00049150754341263	0.000416920237125702	0.00103184976267455
Visa_mconsumosdolares_tend6	0.00048974227673556	0.000508839422699725	0.00123821971520947
mcaja_ahorro_dolares_lag1	0.000483123244770917	0.00188376422241984	0.00116942973103116
mv_msaldototal_avg6	0.000482644967207814	0.00116911382822021	0.00123821971520947
mprestamos_hipotecarios_avg6	0.000480573105270776	0.00542184133968658	0.000412739905069822
matm_other_avg6	0.000479897292243432	0.00131691095791818	0.00151337965192268
ccajas_consultas_tend6	0.000478872393723038	0.0019210392129853	0.000825479810139644
Visa_Finiciomora	0.000478464104758229	0.00386329435937487	0.000412739905069822
mcuenta_debitos_automaticos_lag1	0.000476676166606387	0.000542807347948677	0.00103184976267455
mvr_msaldototal	0.000476468424771914	0.0012233890363392	0.00158216963610098
mv_mconsumospesos_avg6	0.000476263435994381	0.000700385881206269	0.00171974960445759
mv_msaldopesos	0.000475468073131292	0.00100679454490335	0.00220127949370572
Visa_msaldototal_avg6	0.000475102744257598	0.000566604564087101	0.00151337965192268
thomebanking_tend6	0.000470274452034493	0.00137258896641472	0.000825479810139644
mvr_mconsumospesos	0.000467196734643986	0.000685866165826728	0.00144458966774438
Master_mlimitecompra_tend6	0.00046634426792655	0.000467293449524726	0.00075668982596134
ctransferencias_emitidas	0.000464391431263975	0.00127347291100102	0.00165095962027929
Visa_msaldopesos_tend6	0.000463425733123779	0.000330973112486964	0.00137579968356607
Visa_msaldopesos_delta1	0.000462998545587505	0.00102346153641123	0.00144458966774438
tpaquete7_avg6	0.00046241109018198	0.00117902202022648	0.000137579968356607
mvr_Master_mlimitecompra_avg6	0.000457393031052838	0.00174619875781636	0.00151337965192268
ccaja_seguridad_lag1	0.000456546810188026	0.000839475245408771	0.000206369952534911
mpagomiscuentas_tend6	0.000451980496849432	0.00233364864292527	0.00116942973103116
varnueva_04_delta1	0.000451133165686228	0.000447824108247541	0.00151337965192268
mv_mconsumospesos_delta1	0.000450767096457035	0.00113356836210635	0.0018573295728142
Master_msaldopesos_avg6	0.000450728178638986	0.000762747103784314	0.00116942973103116
cmobile_app_trx_lag1	0.000446483867518348	0.00038449978112291	0.00110063974685286
mvr_msaldopesos2_lag1	0.000445897576119982	0.000971870017079436	0.00144458966774438
internet	0.000443101688255115	0.000256311785092016	0.000550319873426429
mv_mconsumospesos_tend6	0.000442972777974802	0.000627940100641694	0.00151337965192268
ccomisiones_mantenimiento	0.000440696259932601	0.00281952472734716	0.000550319873426429
mv_mconsumototal_tend6	0.000430424726948807	0.000304601928332475	0.000481529889248126
ctarjeta_debito_trx	0.000429636317946404	0.00144932767374307	0.00171974960445759
mv_mlimitecompra	0.000429302091678909	0.000224882879761658	0.00110063974685286
Visa_mpagospesos_delta1	0.000418074485485129	0.00109795868902271	0.00178853958863589
Visa_mpagosdolares_tend6	0.000417624581100768	0.000482517003332404	0.000963059778496251
mv_fultimo_cierre_delta1	0.000416950465740096	0.000221852148239111	0.00103184976267455
mvr_msaldopesos	0.000416267575051426	0.00157589098961478	0.000963059778496251
mtarjeta_visa_consumo_delta1	0.000413204515939632	0.000460777661212508	0.000963059778496251
varnueva_01_tend6	0.000410303623495336	0.00165948683876553	0.00261401939877554
mvr_mpagominimo_avg6	0.000406434360096598	0.00164831645151804	0.00116942973103116
Master_msaldototal	0.000401684501898967	0.000774630269670923	0.000825479810139644
mvr_Master_mlimitecompra_lag1	0.000400530619143499	0.000741321481795204	0.000894269794317947
Master_mfinanciacion_limite_delta1	0.000398397679214636	0.00131499368903599	0.00075668982596134
mv_mpagospesos_lag1	0.000398092011490057	0.000468662927297719	0.00116942973103116
varnueva_05_tend6	0.000397447204548744	0.000508145337229021	0.00130700969938777
Master_fultimo_cierre_lag1	0.000396860092654716	0.000580384680194581	0.00123821971520947
varnueva_05_lag1	0.000395023971700222	0.000981711563876573	0.00199490954117081
internet_tend6	0.000392549292607733	0.00151509511670486	0.000481529889248126
mvr_msaldototal_delta1	0.000391884586272761	0.00113792305760053	0.00103184976267455
mtransferencias_emitidas_tend6	0.000390165107896839	0.000581655815646783	0.00158216963610098
mv_msaldodolares_avg6	0.000389761684007068	0.00142249891333564	0.00110063974685286
mv_msaldopesos_avg6	0.000388899271584413	0.000670744205325651	0.00110063974685286
tpaquete9_tend6	0.000388068103535194	0.000601141411853024	0.000137579968356607
mv_status01_tend6	0.000387076741583206	0.00201519588954392	0.000619109857604733
mv_mconsumosdolares_avg6	0.000384138940806364	0.000468812472645037	0.000894269794317947
Visa_Finiciomora_lag1	0.000382726020331205	0.00154691576582547	0.000275159936713215
Visa_status	0.000381205875670901	0.000549946512790204	0.000343949920891518
Master_msaldopesos	0.000379363790806822	0.00133105599718297	0.00110063974685286
Visa_delinquency_tend6	0.000379358293594083	0.000736949718625512	0.000481529889248126
Visa_mconsumosdolares	0.000377753503931233	0.000309683219155474	0.00110063974685286
mtarjeta_visa_debitos_automaticos_delta1	0.000377393720573138	0.00138294579446295	0.00110063974685286
mv_status02_avg6	0.000374507658789201	0.00166784512328628	0.000481529889248126
cpayroll_trx_tend6	0.000372340218196403	0.000783713524027584	0.00110063974685286
mtransferencias_recibidas_tend6	0.000372050743282732	0.00114643332570796	0.000894269794317947
ctransferencias_emitidas_tend6	0.000370674098417144	0.000696040125923067	0.00103184976267455
mtarjeta_master_consumo_avg6	0.000369099755973791	0.000478857206055378	0.00103184976267455
mvr_msaldopesos_avg6	0.000368939431423805	0.00074057538055152	0.00144458966774438
mvr_mpagospesos_lag1	0.000368552424915201	0.000510907862422139	0.00123821971520947
mv_msaldototal_tend6	0.000363972808729735	0.000295141559621707	0.000825479810139644
Master_mconsumospesos_avg6	0.000361810081934137	0.000484494415452103	0.000894269794317947
mvr_mconsumototal_avg6	0.000359931242215186	0.00114012722598056	0.000894269794317947
ccuenta_debitos_automaticos_tend6	0.000357271426873215	0.00353299338820439	0.000550319873426429
Visa_cconsumos_lag1	0.000356263901053629	0.000513172986786135	0.00075668982596134
mvr_msaldopesos2	0.000352833583835983	0.000127393130000041	0.000550319873426429
ccajas_depositos_avg6	0.000351997156819821	0.00404620782505962	0.00075668982596134
mautoservicio_tend6	0.00034943189678827	0.00060480689835522	0.00110063974685286
Visa_mlimitecompra_lag1	0.000345164096186512	0.000152671170175495	0.000687899841783036
cextraccion_autoservicio_tend6	0.0003451420901441	0.000769789551797957	0.00116942973103116
Visa_mconsumospesos_delta1	0.000342844845684118	0.000383949551774354	0.00116942973103116
cliente_vip_delta1	0.00033986464829522	0.00050366710427401	0.000343949920891518
cforex_avg6	0.00033560013155877	0.000507106647262323	0.000963059778496251
mvr_mpagado_avg6	0.000333817113237286	0.000776173675184819	0.000963059778496251
mvr_mconsumosdolares_tend6	0.000332928370403819	0.000445477709238264	0.000825479810139644
mv_status04	0.000332335406910587	0.000159213779120656	0.000275159936713215
chomebanking_trx_lag1	0.000330630569140699	0.000223089148340295	0.00103184976267455
tmobile_app_tend6	0.000330364303050248	0.00135619505771499	0.000825479810139644
Visa_mpagominimo_lag1	0.000329872115922868	0.000686860967484974	0.00137579968356607
ctarjeta_debito_trx_tend6	0.00032943754855435	0.000513880888946537	0.00123821971520947
mvr_mconsumosdolares_lag1	0.000326755237997944	0.000677188471950022	0.00110063974685286
mvr_mpagospesos	0.000325735054703511	0.000444271593502287	0.00103184976267455
Master_msaldopesos_tend6	0.000321413585512711	0.000849311915727192	0.000825479810139644
mextraccion_autoservicio_lag1	0.000317173247819076	0.000420215111245414	0.00103184976267455
mpayroll_delta1	0.000317039918585648	0.00179514072371198	0.000963059778496251
mv_msaldototal_lag1	0.000316165542243452	0.00105572350685572	0.00116942973103116
ctarjeta_visa_descuentos_avg6	0.00031575944867274	0.00269189671362225	0.000550319873426429
mtarjeta_master_consumo	0.000314844202904727	0.000641380488731897	0.000687899841783036
mvr_Master_mlimitecompra_tend6	0.000314795030832555	0.00109305457692642	0.000825479810139644
ccajas_otras_tend6	0.000313988565157184	0.000758046178301232	0.000206369952534911
ctarjeta_debito	0.000312736088124816	0.000426271697811792	0.000825479810139644
mtarjeta_master_consumo_tend6	0.000310666875556737	0.000985699710720537	0.000825479810139644
mvr_mconsumospesos_tend6	0.000308472113820883	0.00085365360727813	0.00130700969938777
ctarjeta_visa_debitos_automaticos	0.000306329927889053	0.0011530864681707	0.000687899841783036
ctarjeta_master_delta1	0.000306282381838502	0.000567596114759536	0.000137579968356607
Visa_cconsumos_delta1	0.000304682959927836	0.00181285209441173	0.000825479810139644
ctarjeta_master_trx_lag1	0.000299074852665249	0.000276948230275443	0.000687899841783036
mv_status07_tend6	0.000297695967380424	0.000228886468788225	0.000275159936713215
Visa_fultimo_cierre	0.000296388355794554	0.000900154895575942	0.000687899841783036
mextraccion_autoservicio_delta1	0.000294916912447296	0.000675800301008614	0.00103184976267455
mv_status07_avg6	0.000294812606506898	0.000817004431481341	0.000343949920891518
ccomisiones_mantenimiento_lag1	0.000294158161884947	0.000402865412717172	0.00075668982596134
varnueva_05_delta1	0.000287873492429208	0.000233377705686481	0.000894269794317947
mplazo_fijo_dolares_delta1	0.00028752232235372	0.00296028672374955	0.000275159936713215
mtarjeta_visa_consumo_tend6	0.000285290970190527	0.000502013165242532	0.000825479810139644
Master_mpagospesos_avg6	0.000285272437637064	0.00060232964716704	0.00116942973103116
ctarjeta_visa_trx_delta1	0.000282240225259225	0.00018714543646455	0.000619109857604733
matm_lag1	0.000281599948129672	0.000743600422848897	0.000894269794317947
ctransferencias_recibidas	0.000281269825088648	0.000425704400787727	0.000825479810139644
mprestamos_personales_avg6	0.00028082358312621	0.000302829328318885	0.000275159936713215
mv_mconsumototal_lag1	0.000279783643301333	0.000467591727472909	0.00116942973103116
ctransferencias_recibidas_lag1	0.000279122309997579	0.000526531287484603	0.000825479810139644
Visa_mpagado	0.000278668084271543	0.00106552035259795	0.000825479810139644
Visa_msaldopesos_lag1	0.00027489581853389	0.00165838719281487	0.00137579968356607
ccajas_consultas	0.000273497559646844	0.00176389793731932	0.000206369952534911
mv_status02_delta1	0.000272337507022538	7.84405984005382e-05	6.87899841783036e-05
ccuenta_debitos_automaticos	0.000268956821825559	0.000438232074611418	0.000894269794317947
ccaja_seguridad_avg6	0.0002681235337289	0.000426426119637827	0.000137579968356607
mvr_mconsumospesos_avg6	0.000267795408494929	0.000307187274798879	0.000894269794317947
catm_trx_avg6	0.000266767895024225	0.00106839747504092	0.000894269794317947
mv_mconsumototal_avg6	0.000265695534362799	0.000417455024291655	0.000825479810139644
mvr_mpagominimo_delta1	0.000264112639295556	0.000335712237053329	0.000550319873426429
mtarjeta_master_consumo_lag1	0.000261326222394717	0.000652720739988025	0.000963059778496251
mvr_msaldototal_avg6	0.000259568352868042	0.000544571007751286	0.000963059778496251
mtarjeta_visa_consumo_avg6	0.000256700088320409	0.000451301037572684	0.00103184976267455
mvr_mconsumospesos_lag1	0.000255294815389626	0.000531155002054668	0.000963059778496251
Visa_msaldototal_delta1	0.000253929703482172	0.00034751250280175	0.000963059778496251
ccaja_ahorro_lag1	0.000253516816052401	0.000912598856514993	0.000481529889248126
mv_mconsumosdolares_tend6	0.000251016392373404	0.000516248419363587	0.000481529889248126
mdescubierto_preacordado_lag1	0.000250952837254396	0.000219931628371109	0.000137579968356607
mforex_buy_avg6	0.000250158697048427	0.00451488782003284	0.000343949920891518
Master_mconsumototal_lag1	0.000249326335106637	0.000433334464486755	0.000619109857604733
mv_mpagado_tend6	0.000248203176192051	0.00054424590917016	0.000481529889248126
mv_mconsumototal	0.000245855958265066	0.000383834954524507	0.00130700969938777
mv_mconsumosdolares_lag1	0.000245646306153046	0.000583567395303804	0.00075668982596134
Visa_mpagosdolares_avg6	0.000245495218447462	0.00022648561576661	0.000550319873426429
cmobile_app_trx_delta1	0.000245271763732564	0.000417133989442793	0.00075668982596134
mpayroll_lag1	0.000244627682752386	0.00169201457730009	0.000963059778496251
mv_status04_delta1	0.000241402323495355	0.000633533421729967	0.000206369952534911
Visa_mfinanciacion_limite_tend6	0.000237770066648986	0.000535083005661123	0.000481529889248126
ccajas_trx_tend6	0.000237094199313356	0.000419762411471196	0.000550319873426429
Visa_mconsumototal_delta1	0.000230764798971874	0.000214458593757853	0.00075668982596134
ctarjeta_visa_tend6	0.000230270125100685	0.000595218115704908	0.000275159936713215
tcuentas_avg6	0.000230194568974232	0.00185149575000372	0.000275159936713215
Master_mpagospesos_delta1	0.000228537337912851	0.000248415953302918	0.000343949920891518
mforex_sell_tend6	0.000227648305228037	0.0018117898347979	0.000963059778496251
mvr_msaldodolares2_avg6	0.000225877659707246	0.000623771524085206	0.00116942973103116
mv_mpagado_avg6	0.000224203970410396	0.000432147041919192	0.00075668982596134
mv_status05	0.000223861955617448	0.000676639868094372	0.00075668982596134
mv_mfinanciacion_limite_delta1	0.000223291308270787	0.00122335408824173	0.000343949920891518
mv_mconsumospesos	0.000223192013605264	0.000609615919116526	0.00151337965192268
mplazo_fijo_dolares_tend6	0.000223015564686865	0.0023923102436501	0.000343949920891518
Master_fechaalta_delta1	0.000221223369980855	0.000157268064112616	0.000687899841783036
cplazo_fijo_avg6	0.000219912108149672	0.00144341981977755	0.000343949920891518
ctarjeta_master	0.000217823143466968	0.000245128393901281	0.000206369952534911
mextraccion_autoservicio	0.000213819391936692	0.000378626062508416	0.00137579968356607
mcuenta_debitos_automaticos_delta1	0.000213733934781609	0.000415258983376148	0.000343949920891518
ctarjeta_debito_trx_lag1	0.000212144233369938	0.000295749493968413	0.00123821971520947
Visa_mlimitecompra_tend6	0.000211408560111687	0.00227038852277041	0.000412739905069822
mvr_msaldopesos2_delta1	0.000211230824643883	0.000292690316320017	0.000687899841783036
mtransferencias_emitidas_delta1	0.000210983251658557	0.000892212737239034	0.000894269794317947
cpagomiscuentas_tend6	0.000210953095481253	0.000632162318464068	0.000550319873426429
Master_cconsumos_tend6	0.000210527092974022	0.000520338972260605	0.000619109857604733
mvr_mpagosdolares_avg6	0.000210077317163997	0.00105214498422398	0.000963059778496251
Visa_mpagosdolares	0.000209833412110769	0.000302730173251642	0.000550319873426429
Visa_mpagado_tend6	0.000209141115699681	0.000997585314846504	0.000481529889248126
Master_mpagominimo_delta1	0.000208426751550569	0.00106252700741224	0.000687899841783036
mextraccion_autoservicio_tend6	0.000205851559886702	0.00034934849703866	0.000687899841783036
Visa_delinquency_lag1	0.000205036580299305	0.00082551551233522	0.000206369952534911
mvr_Master_mlimitecompra	0.00020371746574988	0.000436908923386235	0.000619109857604733
mautoservicio_lag1	0.000199122729696099	0.000378778858841545	0.00130700969938777
ccuenta_debitos_automaticos_avg6	0.000197814226463609	0.000133546433394304	0.000550319873426429
mplazo_fijo_dolares	0.000197434283647185	0.00164099441872463	0.000275159936713215
mvr_msaldopesos_delta1	0.000197027408110535	0.000801996255483658	0.000825479810139644
mvr_mconsumototal_lag1	0.000195019747512905	0.000250130848318358	0.000550319873426429
Master_mfinanciacion_limite_tend6	0.000193209777422296	0.000690192415195063	0.000343949920891518
catm_trx_other_avg6	0.000192423083869247	0.000195674397740391	0.000550319873426429
ctransferencias_emitidas_lag1	0.000190880221567938	0.000515794094096463	0.000412739905069822
Master_mpagospesos	0.000190646673309945	0.000927792338703918	0.000825479810139644
Master_mpagosdolares_avg6	0.000189067812196842	0.00063219726656154	0.000481529889248126
Master_mconsumototal_avg6	0.000188660883512966	0.000239800840903078	0.000481529889248126
mv_Finiciomora_lag1	0.000188101414928421	3.73814603507751e-05	0.000137579968356607
Visa_msaldodolares_tend6	0.000187513735732486	0.000592092292847381	0.000481529889248126
tpaquete9_avg6	0.000185318933759487	0.000794538494032627	0.000275159936713215
cmobile_app_trx	0.000183836796460729	0.000243866198660059	0.000619109857604733
varnueva_01_lag1	0.00018022439271187	0.000251922954246815	0.000619109857604733
mvr_mconsumototal_delta1	0.000180209747155121	0.00061849192312772	0.000619109857604733
ctransferencias_emitidas_delta1	0.000179522032380361	0.000567361231034672	0.000481529889248126
mv_cconsumos	0.000179404308401364	0.000671634162691484	0.000619109857604733
ctarjeta_debito_lag1	0.000178006607877957	0.000556141266253561	0.000550319873426429
mv_mpagado_lag1	0.000177776071180746	0.000659144687951075	0.000343949920891518
cliente_edad_tend6	0.00017548229072706	0.000117722259957995	0.000412739905069822
mtarjeta_master_consumo_delta1	0.000175211157804705	0.000173648156122651	0.000206369952534911
mprestamos_prendarios_lag1	0.000174803114510172	0.00230507085215138	0.000275159936713215
mvr_mconsumosdolares	0.00017407017130382	0.000177403044734656	0.000619109857604733
mv_mpagospesos_delta1	0.000173570505849279	0.000691216475725609	0.000825479810139644
catm_trx_other_tend6	0.000173383946102162	0.000589424046242789	0.000412739905069822
ccallcenter_trx_lag1	0.000172382940670657	0.00178655324469154	0.000825479810139644
mvr_Visa_mlimitecompra_tend6	0.000170296699004685	0.000810109903322111	0.000343949920891518
Master_mpagominimo_tend6	0.000169749484846063	0.000429404022640941	0.000550319873426429
Master_status_tend6	0.000169608774694763	0.000942394141475193	0.000343949920891518
active_quarter_avg6	0.000169487647849722	0.000269467711923733	0.000343949920891518
ccajas_extracciones_tend6	0.000164951580208533	0.000599210326281135	0.000343949920891518
varnueva_01_delta1	0.000163084566859281	0.000677750079748917	0.000550319873426429
ctarjeta_master_descuentos_avg6	0.000161877491779812	0.00109036113518179	0.000206369952534911
mautoservicio_delta1	0.000161622860573441	0.000488756457850665	0.00110063974685286
cextraccion_autoservicio	0.000161600179238839	0.000286176966247158	0.000619109857604733
cpagomiscuentas	0.000159556331338552	0.00036884547169524	0.000481529889248126
Master_msaldopesos_lag1	0.000156829091264936	3.78552915327662e-05	0.000137579968356607
matm_other_tend6	0.00015637510617344	0.000159885107690681	0.000275159936713215
cforex_buy_tend6	0.000156337560576547	0.00239370572930958	0.000137579968356607
Master_cconsumos_avg6	0.000155959558294607	0.000248741051884044	0.000412739905069822
mvr_mpagado	0.00015420439852561	0.00156734983714215	0.000825479810139644
mtransferencias_recibidas_delta1	0.000152554118608326	0.00111681684496738	0.000412739905069822
mvr_mconsumototal_tend6	0.000151361236186341	9.12015304561872e-05	0.000412739905069822
internet_lag1	0.00014914739833844	0.000363495974542811	0.000412739905069822
mv_mpagosdolares_avg6	0.000148040619807902	0.000179085429891983	0.000343949920891518
Master_msaldototal_tend6	0.000146730365615913	0.000363298477154777	0.000481529889248126
ccajas_trx_delta1	0.00014638543387579	0.000633891842915659	0.000275159936713215
Visa_fultimo_cierre_lag1	0.000146345546044407	0.000327902556388229	0.000412739905069822
mvr_msaldototal_tend6	0.000146008577974305	0.000290267519144176	0.000619109857604733
thomebanking_delta1	0.000145939791387986	0.000225127516443956	0.000275159936713215
mv_Fvencimiento_delta1	0.000141400365363776	0.000364347732825361	0.000206369952534911
ccajas_consultas_delta1	0.000139847589521035	0.000270317844713378	0.000137579968356607
Visa_status_delta1	0.000137674178287568	0.000102077703487758	6.87899841783036e-05
Master_msaldopesos_delta1	0.000137146964703307	0.000296608566969039	0.00075668982596134
Master_fultimo_cierre_delta1	0.000133182398324828	0.000138956886530694	0.000550319873426429
tpaquete7	0.000131929562272798	0.00102769188169813	0.000137579968356607
mttarjeta_master_debitos_automaticos_avg6	0.000131225938346812	0.000400007796189074	0.000412739905069822
Visa_mconsumototal_tend6	0.000130188051997763	8.89981748226056e-05	0.000619109857604733
mplazo_fijo_dolares_avg6	0.000128349258475568	0.000334662168636292	0.000206369952534911
cforex_sell_tend6	0.000124573531551408	0.000397181064026183	0.000275159936713215
Visa_msaldodolares_avg6	0.000122678615420539	0.000315104237995751	0.000687899841783036
mv_Finiciomora_tend6	0.000122169309636528	0.000870769234827962	0.000137579968356607
mforex_sell_delta1	0.00011979917592773	7.82040891827691e-05	0.000137579968356607
cseguro_vivienda_lag1	0.000119079624419185	0.000189122035837796	0.000275159936713215
Visa_madelantopesos_avg6	0.000118779170397581	0.000650192285773317	0.000206369952534911
mvr_mconsumospesos_delta1	0.000115036886637899	0.000655497081870841	0.000687899841783036
mcaja_ahorro_adicional_lag1	0.000113859556402019	0.0014694455866896	0.000137579968356607
ctarjeta_debito_tend6	0.000113814283953491	0.000940847484975486	0.000206369952534911
tcallcenter_avg6	0.000112612601009211	9.79148161564395e-05	0.000206369952534911
mvr_mpagado_tend6	0.000111402925656579	0.00075614597709455	0.000412739905069822
Master_mconsumospesos_lag1	0.000110820898747178	0.000244500140893255	0.000343949920891518
cextraccion_autoservicio_lag1	0.00011001525711936	0.000225462367982515	0.00075668982596134
minversion1_pesos	0.000106862005966783	0.00175157670109464	0.000206369952534911
ccomisiones_otras_delta1	0.00010598995117772	0.000117559710667432	0.000206369952534911
mv_cconsumos_lag1	0.000105900038523916	0.000143800042643018	0.000275159936713215
varnueva_06_avg6	0.000103490900960201	0.000579135488896604	0.000206369952534911
mcheques_emitidos_tend6	0.000103174326312069	0.00111948590431842	0.000137579968356607
Master_mpagospesos_lag1	0.000101449634227399	0.000339225739968848	0.000412739905069822
mv_msaldodolares_delta1	9.84892575862885e-05	0.000315445591505933	0.000343949920891518
Master_madelantopesos_avg6	9.76658447845806e-05	0.000256115100450435	6.87899841783036e-05
mforex_sell	9.74672345526479e-05	0.000608951905264576	0.000206369952534911
mprestamos_prendarios	9.68641147493918e-05	0.00124529499148193	0.000137579968356607
cpayroll_trx_delta1	9.66494606127413e-05	0.000425871826557007	0.000963059778496251
matm_tend6	9.60627766225625e-05	0.000504874845502893	0.000275159936713215
Master_mconsumototal_tend6	9.57952996637252e-05	0.000206154763249441	0.000412739905069822
minversion1_pesos_avg6	9.56133644419741e-05	0.00173236256220364	0.000137579968356607
mttarjeta_master_debitos_automaticos	9.50692686431209e-05	0.000146326058618368	0.000275159936713215
active_quarter_tend6	9.48528041859335e-05	7.3045587446752e-05	0.000137579968356607
mcheques_depositados_avg6	9.47056212554088e-05	0.000611902987634748	0.000137579968356607
mvr_mconsumototal	9.44573950069596e-05	0.00036210699085495	0.000963059778496251
mvr_msaldodolares_tend6	9.40825606891893e-05	0.000445984863024821	0.000343949920891518
Master_mconsumospesos_delta1	9.39179237706505e-05	0.000166941372394021	0.000275159936713215
ctarjeta_master_avg6	9.28679862395471e-05	1.42376923604139e-05	6.87899841783036e-05
ctarjeta_visa_delta1	9.23950032933192e-05	0.00015716809629892	6.87899841783036e-05
Master_mpagosdolares_delta1	9.12490760686102e-05	0.000457215393509819	0.000343949920891518
mv_Finiciomora_delta1	9.08737236897256e-05	0.000371467391752021	6.87899841783036e-05
Master_mconsumosdolares	9.03827956711219e-05	0.000241375943528634	0.000550319873426429
ccajas_otras_delta1	9.01205379073203e-05	0.00121741372441811	6.87899841783036e-05
minversion2	8.89661621338048e-05	0.00155865345009703	0.000137579968356607
Visa_msaldodolares_delta1	8.84043556800859e-05	0.000192657482907542	0.000137579968356607
ccajas_depositos_tend6	8.75848549289638e-05	0.000617081808032085	0.000275159936713215
Master_msaldodolares_tend6	8.75763648746022e-05	0.000271324837568415	0.000206369952534911
Master_mconsumospesos_tend6	8.6881439325553e-05	0.000131424352406004	0.000343949920891518
ctarjeta_debito_trx_delta1	8.61202606909219e-05	0.000409474666871464	0.00075668982596134
mpagomiscuentas_delta1	8.5992829348827e-05	0.000309722230985209	0.000619109857604733
mv_status06	8.53399466117882e-05	1.24951639655785e-05	6.87899841783036e-05
ctarjeta_visa_avg6	8.47648046750727e-05	0.00125700666786699	0.000206369952534911
ccheques_emitidos_rechazados_delta1	8.41760719109066e-05	5.20149602337099e-05	6.87899841783036e-05
catm_trx_tend6	8.36413488470095e-05	0.000523840283979332	0.000206369952534911
Master_status	8.36083247473031e-05	0.000189110657387457	6.87899841783036e-05
Master_Fvencimiento_delta1	8.28262458368209e-05	0.000262452084543034	0.000206369952534911
Visa_mlimitecompra_delta1	8.19377645227695e-05	0.00034934849703866	0.000412739905069822
matm_delta1	8.11170675887098e-05	0.000515746142055747	0.000343949920891518
Visa_msaldodolares_lag1	8.09974506579298e-05	7.1806149106209e-05	0.000137579968356607
mvr_mpagado_delta1	8.05247641054384e-05	0.000800725932777908	0.000619109857604733
mv_msaldototal_delta1	8.0448125780864e-05	0.000190645935436825	0.000481529889248126
cseguro_vida_avg6	8.02134981291658e-05	5.43800524114017e-05	6.87899841783036e-05
mcaja_ahorro_adicional	7.99223917039775e-05	0.000793715994622379	0.000137579968356607
mtarjeta_visa_consumo_lag1	7.98589664080013e-05	0.000807991886066075	0.00075668982596134
mvr_msaldodolares2	7.95122290485828e-05	3.47343451539565e-05	0.000137579968356607
mv_mconsumototal_delta1	7.84994958921809e-05	0.000104750013824614	0.000343949920891518
Master_cconsumos_lag1	7.82080115033922e-05	0.000598530057500129	0.000550319873426429
mv_mconsumosdolares	7.80548670974178e-05	8.59812599897562e-05	0.000275159936713215
tcallcenter_delta1	7.70310858418604e-05	0.000225037301587693	0.000137579968356607
mv_status04_avg6	7.54046255476249e-05	0.000147213577744842	0.000206369952534911
Master_mconsumototal_delta1	7.5295086247623e-05	0.000252217981209187	0.000343949920891518
mv_mlimitecompra_tend6	7.41979046457893e-05	0.000180739368923462	0.000275159936713215
mvr_msaldodolares2_lag1	7.26591739699312e-05	0.000244591981242423	0.000137579968356607
Master_cconsumos	7.25776817803073e-05	0.000378067705695332	0.000275159936713215
tcuentas	7.23628364356681e-05	0.000516467048159394	0.000137579968356607
minversion1_pesos_lag1	7.19764458354787e-05	0.000906300071505677	6.87899841783036e-05
cseguro_accidentes_personales_avg6	7.1756604647221e-05	0.000151573962464194	0.000137579968356607
catm_trx	6.73865882869172e-05	7.41427951580523e-05	0.000275159936713215
Visa_fechaalta_delta1	6.68984501207675e-05	0.000122054198551499	0.000206369952534911
mttarjeta_master_debitos_automaticos_delta1	6.6815622430401e-05	0.000367369524136927	0.000137579968356607
mtarjeta_visa_descuentos_avg6	6.67311419271807e-05	0.000243204623047468	0.000206369952534911
ccheques_emitidos_avg6	6.65928666662373e-05	0.000893419665721464	6.87899841783036e-05
mforex_buy_tend6	6.63064398596779e-05	0.000325230246051373	6.87899841783036e-05
mvr_madelantopesos_delta1	6.59694141916583e-05	0.000477503983211441	6.87899841783036e-05
mvr_msaldodolares2_tend6	6.56260072806261e-05	0.000335384700232844	0.000412739905069822
Master_delinquency	6.144208106252e-05	0.000521689756865184	6.87899841783036e-05
Master_mconsumospesos	5.96960424416833e-05	5.22904812812142e-05	0.000206369952534911
minversion2_avg6	5.90918299124739e-05	0.00107108766579974	6.87899841783036e-05
mv_status02_tend6	5.88161573041151e-05	6.73466093196129e-05	0.000206369952534911
matm	5.8279716236515e-05	0.000214815389450638	0.000343949920891518
Master_cadelantosefectivo_avg6	5.76976833435444e-05	0.000154672151942325	0.000206369952534911
mv_msaldodolares_lag1	5.76352142181224e-05	0.000225798032267528	0.000206369952534911
Visa_madelantopesos_delta1	5.57854154920642e-05	0.000153732617042871	0.000137579968356607
mv_fechaalta_delta1	5.57186906686892e-05	9.51506654704155e-05	0.000275159936713215
mv_status05_lag1	5.56811213050762e-05	1.65588962296537e-05	6.87899841783036e-05
cforex_tend6	5.47045007747191e-05	0.000202902964691728	0.000343949920891518
ctarjeta_master_descuentos_tend6	5.30381495330344e-05	0.000166374075369956	6.87899841783036e-05
Master_delinquency_tend6	5.22635707925812e-05	9.28278361082701e-05	0.000137579968356607
cforex_sell_avg6	5.09713967901414e-05	0.000178788777436706	0.000343949920891518
thomebanking_lag1	5.06436437806147e-05	1.08461014128167e-05	6.87899841783036e-05
Master_mpagominimo_lag1	4.94606776229963e-05	9.17891461415725e-05	0.000275159936713215
mv_mpagosdolares_lag1	4.88786301598185e-05	9.40599597307377e-05	0.000137579968356607
Master_msaldototal_delta1	4.83958436841828e-05	0.00014622283981886	0.000206369952534911
cliente_vip_lag1	4.80246793058009e-05	3.00659295289869e-05	6.87899841783036e-05
ccheques_depositados_tend6	4.78124269766919e-05	0.000591997201512402	0.000137579968356607
Master_mconsumosdolares_tend6	4.76492310974303e-05	2.1905142396271e-05	6.87899841783036e-05
Visa_mpagado_delta1	4.7573844517269e-05	0.000212149581085405	0.000275159936713215
ccheques_depositados_avg6	4.7418525400432e-05	0.000202520161112452	0.000137579968356607
catm_trx_delta1	4.62817568510767e-05	0.000220398144835025	0.000137579968356607
mv_status03_avg6	4.51938304879182e-05	0.000103271628026943	0.000275159936713215
mcajeros_propios_descuentos_avg6	4.50514289464752e-05	0.00125323877531174	0.000137579968356607
tpaquete7_delta1	4.45046282661116e-05	0.00123471221991982	6.87899841783036e-05
ctarjeta_debito_delta1	4.36834328023558e-05	0.000480012118764828	6.87899841783036e-05
ctarjeta_visa_debitos_automaticos_lag1	4.32606928230845e-05	0.000215855704910242	0.000137579968356607
Visa_delinquency_delta1	4.26213068242659e-05	0.000157416796713482	6.87899841783036e-05
ccheques_emitidos_tend6	4.22531690648977e-05	8.63786930051828e-06	6.87899841783036e-05
mprestamos_prendarios_avg6	4.13972567289423e-05	0.000301073795980804	6.87899841783036e-05
mcaja_ahorro_adicional_delta1	4.10025894898347e-05	0.000500711958171575	6.87899841783036e-05
catm_trx_lag1	4.09802041499755e-05	0.000112631216177561	6.87899841783036e-05
ctarjeta_master_debitos_automaticos_tend6	4.04243859395809e-05	0.000216192181941707	0.000137579968356607
mv_mpagado	3.99775934335587e-05	0.000247374012350409	0.000206369952534911
ctarjeta_visa_descuentos_tend6	3.97221254472569e-05	0.000222773802716603	0.000137579968356607
Master_mpagado_delta1	3.95932443460983e-05	8.98084830360622e-06	6.87899841783036e-05
ctarjeta_master_trx_avg6	3.93724681216243e-05	0.000273441229331546	0.000137579968356607
mcheques_depositados_tend6	3.84851637176151e-05	0.000731995216249151	0.000137579968356607
Master_madelantopesos_lag1	3.84396218927199e-05	2.58924764937816e-05	0.000206369952534911
Master_msaldodolares	3.77072765527561e-05	0.000667504597964731	6.87899841783036e-05
ccheques_emitidos_lag1	3.75786995686042e-05	0.000497493482218427	6.87899841783036e-05
ccheques_depositados_lag1	3.64881932168396e-05	0.000235538798504516	6.87899841783036e-05
Master_Finiciomora_lag1	3.63992028572748e-05	0.000319447555039594	6.87899841783036e-05
cpagomiscuentas_lag1	3.6365076684874e-05	0.000330442389053276	0.000412739905069822
ctransferencias_recibidas_delta1	3.58398817233999e-05	0.000364168115859289	0.000137579968356607
ctarjeta_master_trx	3.58074289950393e-05	0.000301625650822266	6.87899841783036e-05
mvr_msaldodolares_avg6	3.56121443329211e-05	0.000220420901735704	0.000343949920891518
Master_madelantodolares	3.54308865730317e-05	1.81721979384915e-05	0.000137579968356607
mplazo_fijo_dolares_lag1	3.43379278955663e-05	4.70661470825191e-05	0.000137579968356607
Master_mconsumosdolares_delta1	3.38092427537898e-05	4.25862886346026e-05	0.000275159936713215
Master_mpagosdolares_tend6	3.26017233821706e-05	2.71627991995315e-05	6.87899841783036e-05
catm_trx_other_lag1	3.25259812712822e-05	3.87119262940333e-05	0.000137579968356607
mv_mpagosdolares	3.2175049646993e-05	0.000298603046764247	6.87899841783036e-05
Visa_Fvencimiento_delta1	3.18707663808101e-05	4.17442833094862e-05	0.000275159936713215
mvr_mconsumosdolares_delta1	3.15251151048554e-05	0.000610388028246701	0.000137579968356607
mv_mpagosdolares_tend6	3.08670608326539e-05	0.000250604679500349	0.000206369952534911
ccajas_otras_avg6	3.0792544045472e-05	0.000143024682527033	0.000137579968356607
mvr_msaldodolares	3.02382977087831e-05	0.000250049573673076	0.000206369952534911
ccuenta_debitos_automaticos_lag1	3.01542653779936e-05	0.00017105224395236	6.87899841783036e-05
mv_msaldopesos_delta1	3.00980857127783e-05	3.09656398522531e-05	0.000206369952534911
mttarjeta_master_debitos_automaticos_lag1	3.00205327132638e-05	3.65232000966024e-05	0.000137579968356607
mvr_mpagado_lag1	2.94024396340041e-05	0.000125174332183856	6.87899841783036e-05
mvr_mpagosdolares_tend6	2.9267038448536e-05	0.000330023824630076	0.000206369952534911
cseguro_vivienda_avg6	2.8631412320541e-05	0.000342350750079922	6.87899841783036e-05
mttarjeta_master_debitos_automaticos_tend6	2.76228638196075e-05	9.1127570528981e-05	0.000137579968356607
mvr_msaldodolares2_delta1	2.7306569749122e-05	0.000146152130877465	0.000206369952534911
ccajas_extracciones	2.70292596016417e-05	0.000333900625210004	0.000206369952534911
Master_msaldodolares_lag1	2.69826693733814e-05	5.8351131579856e-05	0.000137579968356607
active_quarter_lag1	2.69028772194218e-05	9.38397054420248e-06	6.87899841783036e-05
ccajas_extracciones_delta1	2.67814428621282e-05	0.000116577912952431	0.000137579968356607
Master_mpagado_avg6	2.66472762728736e-05	0.000228642644852381	0.000206369952534911
cseguro_accidentes_personales	2.58061488374155e-05	4.35201343088871e-05	6.87899841783036e-05
ctarjeta_visa_debitos_automaticos_delta1	2.56957697032305e-05	0.000100034458905381	0.000137579968356607
Master_cconsumos_delta1	2.5483484088588e-05	4.05828686284135e-05	6.87899841783036e-05
Master_msaldodolares_avg6	2.54259162308534e-05	0.000206779765271656	0.000275159936713215
mprestamos_hipotecarios_tend6	2.46547977427732e-05	0.000269762738886105	6.87899841783036e-05
cforex_sell_lag1	2.33764314769958e-05	5.43020287519315e-05	6.87899841783036e-05
mvr_msaldodolares_delta1	2.28312930737972e-05	0.000833391025462998	0.000343949920891518
Master_mpagosdolares	2.24446887537641e-05	8.92883253062606e-06	6.87899841783036e-05
matm_other_delta1	2.14675967039417e-05	0.000164608790074442	0.000137579968356607
Visa_msaldodolares	1.95521625433395e-05	4.41963393576292e-05	6.87899841783036e-05
ccuenta_debitos_automaticos_delta1	1.92918151039482e-05	0.000217584416615379	6.87899841783036e-05
matm_other_lag1	1.88492818045987e-05	4.15857977511873e-05	0.000206369952534911
Visa_mconsumosdolares_delta1	1.79894632462634e-05	5.73742103435723e-05	0.000206369952534911
cliente_edad_delta1	1.78798216685749e-05	4.56243348752252e-05	6.87899841783036e-05
Master_mconsumototal	1.74174665689045e-05	0.000218914069812185	0.000206369952534911
mvr_msaldodolares_lag1	1.7356665867141e-05	0.000802494469059234	0.000206369952534911
mvr_mpagosdolares_lag1	1.70835405783104e-05	6.97433986089645e-05	0.000137579968356607
mv_mconsumosdolares_delta1	1.65390992905533e-05	4.97108240399793e-05	6.87899841783036e-05
Master_madelantopesos_tend6	1.55461146413278e-05	2.24147344221861e-05	0.000137579968356607
catm_trx_other_delta1	1.54677038066989e-05	5.80032760980512e-05	0.000137579968356607
Master_mconsumosdolares_avg6	1.49398425343382e-05	1.25089806552763e-05	6.87899841783036e-05
mv_msaldodolares_tend6	1.48437726024778e-05	4.31877210096858e-05	6.87899841783036e-05
Visa_mpagosdolares_delta1	1.35728727187289e-05	0.000138350577676893	0.000206369952534911
cextraccion_autoservicio_delta1	1.34557515418054e-05	1.93222341692248e-05	6.87899841783036e-05
cprestamos_personales_tend6	1.20738758758291e-05	1.08526033844393e-05	6.87899841783036e-05
mtarjeta_visa_descuentos_delta1	1.07562062459621e-05	6.9310204749614e-05	6.87899841783036e-05
Visa_mpagosdolares_lag1	8.85364663722895e-06	0.000275929858970066	0.000137579968356607
ccheques_emitidos_delta1	8.64880537916927e-06	2.98139781286142e-05	6.87899841783036e-05
cpagomiscuentas_delta1	8.10817701294974e-06	2.15158368453726e-05	6.87899841783036e-05
mv_mpagado_delta1	7.77195213787761e-06	0.00035531649424168	6.87899841783036e-05
Visa_mpagado_lag1	7.25721979555908e-06	0.000417097415852416	0.000137579968356607
ctarjeta_master_debitos_automaticos_avg6	5.67495139366368e-06	2.38541083901215e-05	6.87899841783036e-05
mcheques_depositados	5.61003653938761e-06	0.000589294819556792	0.000206369952534911
Visa_mfinanciacion_limite_delta1	4.94591356866491e-06	1.31396719026608e-05	6.87899841783036e-05
ccajas_trx	4.34443308366256e-06	8.47190647485344e-05	0.000137579968356607
Master_mpagado_lag1	4.28565469068261e-06	6.44085308926865e-05	6.87899841783036e-05
tpaquete7_lag1	4.21736950939626e-06	0.000386795789852113	6.87899841783036e-05
ctarjeta_master_debitos_automaticos_lag1	4.07468818961942e-06	6.54065835367434e-05	6.87899841783036e-05
Visa_Finiciomora_tend6	3.80510204419228e-06	0.000133439150862532	6.87899841783036e-05
mprestamos_hipotecarios_delta1	3.77401468963362e-06	1.99447979520812e-05	6.87899841783036e-05
Master_mpagado_tend6	3.62573388216387e-06	0.00018127578158232	6.87899841783036e-05
Master_delinquency_avg6	2.29799371106727e-06	2.09347231316099e-05	6.87899841783036e-05
Visa_status_lag1	2.07450142110669e-06	2.15646016325415e-05	6.87899841783036e-05
mpagodeservicios_tend6	2.04824113584683e-06	0.000250156856204848	6.87899841783036e-05
mcheques_depositados_delta1	8.96688933526918e-07	2.51187418707017e-05	6.87899841783036e-05
mv_mpagosdolares_delta1	7.60019805682312e-07	0.000108221253924587	6.87899841783036e-05
mvr_mpagosdolares	7.3262156745233e-07	2.03373544887908e-05	6.87899841783036e-05
cinversion1_tend6	3.02530002139431e-07	0.000167075475558736	6.87899841783036e-05
mvr_Visa_mlimitecompra_delta1	2.02160491807105e-07	2.36517345233706e-05	6.87899841783036e-05
cseguro_auto_avg6	1.25414820564183e-07	0.000199895802816313	6.87899841783036e-05
mv_status03	1.17309630185166e-07	2.80681987479675e-05	0.000137579968356607
Visa_cadelantosefectivo	3.28064022534161e-08	3.73034366913048e-05	0.000137579968356607
ctarjeta_visa	1.06380635566275e-08	9.52457568053949e-06	6.87899841783036e-05
mv_status01_lag1	4.54830058635687e-09	2.45441301285615e-05	6.87899841783036e-05
mv_status01_delta1	3.12545462517937e-09	1.92889115646594e-05	6.87899841783036e-05
mv_status02_lag1	1.60638390552773e-10	1.75935224640872e-05	6.87899841783036e-05
Master_madelantopesos	3.65639375763737e-12	1.31559268317171e-05	6.87899841783036e-05
Master_cadelantosefectivo_lag1	2.75822636369747e-12	1.18108314523082e-05	6.87899841783036e-05
mforex_sell_lag1	8.43553382076156e-13	8.61267416048101e-06	6.87899841783036e-05
tcallcenter_lag1	7.76133749837042e-13	0.000157642740227364	0.000275159936713215
mcheques_depositados_lag1	1.67146198891649e-13	0.000100668401138577	6.87899841783036e-05
ctarjeta_master_trx_delta1	8.84395127277765e-14	2.54105178472623e-05	0.000137579968356607
cforex_lag1	4.31461309602127e-14	9.88380961268373e-06	6.87899841783036e-05
mv_mlimitecompra_delta1	3.28910317909789e-14	9.41079117714538e-06	6.87899841783036e-05
